0	inf
0.001	inf
0.002	inf
0.003	inf
0.004	inf
0.005	inf
0.006	inf
0.007	inf
0.008	inf
0.009	inf
0.01	inf
0.011	inf
0.012	inf
0.013	inf
0.014	inf
0.015	inf
0.016	inf
0.017	inf
0.018	inf
0.019	inf
0.02	inf
0.021	inf
0.022	inf
0.023	inf
0.024	inf
0.025	inf
0.026	inf
0.027	inf
0.028	inf
0.029	inf
0.03	inf
0.031	inf
0.032	inf
0.033	inf
0.034	inf
0.035	inf
0.036	inf
0.037	inf
0.038	inf
0.039	inf
0.04	inf
0.041	inf
0.042	inf
0.043	inf
0.044	inf
0.045	inf
0.046	inf
0.047	inf
0.048	inf
0.049	inf
0.05	inf
0.051	inf
0.052	inf
0.053	inf
0.054	inf
0.055	inf
0.056	inf
0.057	inf
0.058	inf
0.059	inf
0.06	inf
0.061	inf
0.062	inf
0.063	inf
0.064	inf
0.065	inf
0.066	inf
0.067	inf
0.068	inf
0.069	inf
0.07	inf
0.071	inf
0.072	inf
0.073	inf
0.074	inf
0.075	inf
0.076	inf
0.077	inf
0.078	inf
0.079	inf
0.08	inf
0.081	inf
0.082	inf
0.083	inf
0.084	inf
0.085	inf
0.086	inf
0.087	inf
0.088	inf
0.089	inf
0.09	inf
0.091	inf
0.092	inf
0.093	inf
0.094	inf
0.095	inf
0.096	inf
0.097	inf
0.098	inf
0.099	inf
0.1	inf
0.101	inf
0.102	inf
0.103	inf
0.104	inf
0.105	inf
0.106	inf
0.107	inf
0.108	inf
0.109	inf
0.11	inf
0.111	inf
0.112	inf
0.113	inf
0.114	inf
0.115	inf
0.116	inf
0.117	inf
0.118	inf
0.119	inf
0.12	inf
0.121	inf
0.122	inf
0.123	inf
0.124	inf
0.125	inf
0.126	inf
0.127	inf
0.128	inf
0.129	inf
0.13	inf
0.131	inf
0.132	inf
0.133	inf
0.134	inf
0.135	inf
0.136	inf
0.137	inf
0.138	inf
0.139	inf
0.14	inf
0.141	inf
0.142	inf
0.143	inf
0.144	inf
0.145	inf
0.146	inf
0.147	inf
0.148	inf
0.149	inf
0.15	inf
0.151	inf
0.152	inf
0.153	inf
0.154	inf
0.155	inf
0.156	inf
0.157	inf
0.158	inf
0.159	inf
0.16	inf
0.161	inf
0.162	inf
0.163	inf
0.164	inf
0.165	inf
0.166	inf
0.167	inf
0.168	inf
0.169	inf
0.17	inf
0.171	inf
0.172	inf
0.173	inf
0.174	inf
0.175	inf
0.176	inf
0.177	inf
0.178	inf
0.179	inf
0.18	inf
0.181	inf
0.182	inf
0.183	inf
0.184	inf
0.185	inf
0.186	inf
0.187	inf
0.188	inf
0.189	inf
0.19	inf
0.191	inf
0.192	inf
0.193	inf
0.194	inf
0.195	inf
0.196	inf
0.197	inf
0.198	inf
0.199	inf
0.2	inf
0.201	inf
0.202	inf
0.203	inf
0.204	inf
0.205	inf
0.206	inf
0.207	inf
0.208	inf
0.209	inf
0.21	inf
0.211	inf
0.212	inf
0.213	inf
0.214	inf
0.215	inf
0.216	inf
0.217	inf
0.218	inf
0.219	inf
0.22	inf
0.221	inf
0.222	inf
0.223	inf
0.224	inf
0.225	inf
0.226	inf
0.227	inf
0.228	inf
0.229	inf
0.23	inf
0.231	inf
0.232	inf
0.233	inf
0.234	inf
0.235	inf
0.236	inf
0.237	inf
0.238	inf
0.239	inf
0.24	inf
0.241	inf
0.242	inf
0.243	inf
0.244	inf
0.245	inf
0.246	inf
0.247	inf
0.248	inf
0.249	inf
0.25	inf
0.251	inf
0.252	inf
0.253	inf
0.254	inf
0.255	inf
0.256	inf
0.257	inf
0.258	inf
0.259	inf
0.26	inf
0.261	inf
0.262	inf
0.263	inf
0.264	inf
0.265	inf
0.266	inf
0.267	inf
0.268	inf
0.269	inf
0.27	inf
0.271	inf
0.272	inf
0.273	inf
0.274	inf
0.275	inf
0.276	inf
0.277	inf
0.278	inf
0.279	inf
0.28	inf
0.281	inf
0.282	inf
0.283	inf
0.284	inf
0.285	inf
0.286	inf
0.287	inf
0.288	inf
0.289	inf
0.29	inf
0.291	inf
0.292	inf
0.293	inf
0.294	inf
0.295	inf
0.296	inf
0.297	inf
0.298	inf
0.299	inf
0.3	inf
0.301	inf
0.302	inf
0.303	inf
0.304	inf
0.305	inf
0.306	inf
0.307	inf
0.308	inf
0.309	inf
0.31	inf
0.311	inf
0.312	inf
0.313	inf
0.314	inf
0.315	inf
0.316	inf
0.317	inf
0.318	inf
0.319	inf
0.32	inf
0.321	inf
0.322	inf
0.323	inf
0.324	inf
0.325	inf
0.326	inf
0.327	inf
0.328	inf
0.329	inf
0.33	inf
0.331	inf
0.332	inf
0.333	inf
0.334	inf
0.335	inf
0.336	inf
0.337	inf
0.338	inf
0.339	inf
0.34	inf
0.341	inf
0.342	inf
0.343	inf
0.344	inf
0.345	inf
0.346	inf
0.347	inf
0.348	inf
0.349	inf
0.35	inf
0.351	inf
0.352	inf
0.353	inf
0.354	inf
0.355	inf
0.356	inf
0.357	inf
0.358	inf
0.359	inf
0.36	inf
0.361	inf
0.362	inf
0.363	inf
0.364	inf
0.365	inf
0.366	inf
0.367	inf
0.368	inf
0.369	inf
0.37	inf
0.371	inf
0.372	inf
0.373	inf
0.374	inf
0.375	inf
0.376	inf
0.377	inf
0.378	inf
0.379	inf
0.38	inf
0.381	inf
0.382	inf
0.383	inf
0.384	inf
0.385	inf
0.386	inf
0.387	inf
0.388	inf
0.389	inf
0.39	inf
0.391	inf
0.392	inf
0.393	inf
0.394	inf
0.395	inf
0.396	inf
0.397	inf
0.398	inf
0.399	inf
0.4	inf
0.401	inf
0.402	inf
0.403	inf
0.404	inf
0.405	inf
0.406	inf
0.407	inf
0.408	inf
0.409	inf
0.41	inf
0.411	inf
0.412	inf
0.413	inf
0.414	inf
0.415	inf
0.416	inf
0.417	inf
0.418	inf
0.419	inf
0.42	inf
0.421	inf
0.422	inf
0.423	inf
0.424	inf
0.425	inf
0.426	inf
0.427	inf
0.428	inf
0.429	inf
0.43	inf
0.431	inf
0.432	inf
0.433	inf
0.434	inf
0.435	inf
0.436	inf
0.437	inf
0.438	inf
0.439	inf
0.44	inf
0.441	inf
0.442	inf
0.443	inf
0.444	inf
0.445	inf
0.446	inf
0.447	inf
0.448	inf
0.449	inf
0.45	inf
0.451	inf
0.452	inf
0.453	inf
0.454	inf
0.455	inf
0.456	inf
0.457	inf
0.458	inf
0.459	inf
0.46	inf
0.461	inf
0.462	inf
0.463	inf
0.464	inf
0.465	inf
0.466	inf
0.467	inf
0.468	inf
0.469	inf
0.47	inf
0.471	inf
0.472	inf
0.473	inf
0.474	inf
0.475	inf
0.476	inf
0.477	inf
0.478	inf
0.479	inf
0.48	inf
0.481	inf
0.482	inf
0.483	inf
0.484	inf
0.485	inf
0.486	inf
0.487	inf
0.488	inf
0.489	inf
0.49	inf
0.491	inf
0.492	inf
0.493	inf
0.494	inf
0.495	inf
0.496	inf
0.497	inf
0.498	inf
0.499	inf
0.5	inf
0.501	inf
0.502	inf
0.503	inf
0.504	inf
0.505	inf
0.506	inf
0.507	inf
0.508	inf
0.509	inf
0.51	inf
0.511	inf
0.512	inf
0.513	inf
0.514	inf
0.515	inf
0.516	inf
0.517	inf
0.518	inf
0.519	inf
0.52	inf
0.521	inf
0.522	inf
0.523	inf
0.524	inf
0.525	inf
0.526	inf
0.527	inf
0.528	inf
0.529	inf
0.53	inf
0.531	inf
0.532	inf
0.533	inf
0.534	inf
0.535	inf
0.536	inf
0.537	inf
0.538	inf
0.539	inf
0.54	inf
0.541	inf
0.542	inf
0.543	inf
0.544	inf
0.545	inf
0.546	inf
0.547	inf
0.548	inf
0.549	inf
0.55	inf
0.551	inf
0.552	inf
0.553	inf
0.554	inf
0.555	inf
0.556	inf
0.557	inf
0.558	inf
0.559	inf
0.56	inf
0.561	inf
0.562	inf
0.563	inf
0.564	inf
0.565	inf
0.566	inf
0.567	inf
0.568	inf
0.569	inf
0.57	inf
0.571	inf
0.572	inf
0.573	inf
0.574	inf
0.575	inf
0.576	inf
0.577	inf
0.578	inf
0.579	inf
0.58	inf
0.581	inf
0.582	inf
0.583	inf
0.584	inf
0.585	inf
0.586	inf
0.587	inf
0.588	inf
0.589	inf
0.59	inf
0.591	inf
0.592	inf
0.593	inf
0.594	inf
0.595	inf
0.596	inf
0.597	inf
0.598	inf
0.599	inf
0.6	inf
0.601	inf
0.602	inf
0.603	inf
0.604	inf
0.605	inf
0.606	inf
0.607	inf
0.608	inf
0.609	inf
0.61	inf
0.611	inf
0.612	inf
0.613	inf
0.614	inf
0.615	inf
0.616	inf
0.617	inf
0.618	inf
0.619	inf
0.62	inf
0.621	inf
0.622	inf
0.623	inf
0.624	inf
0.625	inf
0.626	inf
0.627	inf
0.628	inf
0.629	inf
0.63	inf
0.631	inf
0.632	inf
0.633	inf
0.634	inf
0.635	inf
0.636	inf
0.637	inf
0.638	inf
0.639	inf
0.64	inf
0.641	inf
0.642	inf
0.643	inf
0.644	inf
0.645	inf
0.646	inf
0.647	inf
0.648	inf
0.649	inf
0.65	inf
0.651	inf
0.652	inf
0.653	inf
0.654	inf
0.655	inf
0.656	inf
0.657	inf
0.658	inf
0.659	inf
0.66	inf
0.661	inf
0.662	inf
0.663	inf
0.664	inf
0.665	inf
0.666	inf
0.667	inf
0.668	inf
0.669	inf
0.67	inf
0.671	inf
0.672	inf
0.673	inf
0.674	inf
0.675	inf
0.676	inf
0.677	inf
0.678	inf
0.679	inf
0.68	inf
0.681	inf
0.682	inf
0.683	inf
0.684	inf
0.685	inf
0.686	inf
0.687	inf
0.688	inf
0.689	inf
0.69	inf
0.691	inf
0.692	inf
0.693	inf
0.694	inf
0.695	inf
0.696	inf
0.697	inf
0.698	inf
0.699	inf
0.7	inf
0.701	inf
0.702	inf
0.703	inf
0.704	inf
0.705	inf
0.706	inf
0.707	inf
0.708	inf
0.709	inf
0.71	inf
0.711	inf
0.712	inf
0.713	inf
0.714	inf
0.715	inf
0.716	inf
0.717	inf
0.718	inf
0.719	inf
0.72	inf
0.721	inf
0.722	inf
0.723	inf
0.724	inf
0.725	inf
0.726	inf
0.727	inf
0.728	inf
0.729	inf
0.73	inf
0.731	inf
0.732	inf
0.733	inf
0.734	inf
0.735	inf
0.736	inf
0.737	inf
0.738	inf
0.739	inf
0.74	inf
0.741	inf
0.742	inf
0.743	inf
0.744	inf
0.745	inf
0.746	inf
0.747	inf
0.748	inf
0.749	inf
0.75	inf
0.751	inf
0.752	inf
0.753	inf
0.754	inf
0.755	inf
0.756	inf
0.757	inf
0.758	inf
0.759	inf
0.76	inf
0.761	inf
0.762	inf
0.763	inf
0.764	inf
0.765	inf
0.766	inf
0.767	inf
0.768	inf
0.769	inf
0.77	inf
0.771	inf
0.772	inf
0.773	inf
0.774	inf
0.775	inf
0.776	inf
0.777	inf
0.778	inf
0.779	inf
0.78	inf
0.781	inf
0.782	inf
0.783	inf
0.784	inf
0.785	inf
0.786	inf
0.787	inf
0.788	inf
0.789	inf
0.79	inf
0.791	inf
0.792	inf
0.793	inf
0.794	inf
0.795	inf
0.796	inf
0.797	inf
0.798	inf
0.799	inf
0.8	inf
0.801	inf
0.802	inf
0.803	inf
0.804	inf
0.805	inf
0.806	inf
0.807	inf
0.808	inf
0.809	inf
0.81	inf
0.811	inf
0.812	inf
0.813	inf
0.814	inf
0.815	inf
0.816	inf
0.817	inf
0.818	inf
0.819	inf
0.82	inf
0.821	inf
0.822	inf
0.823	inf
0.824	inf
0.825	inf
0.826	inf
0.827	inf
0.828	inf
0.829	inf
0.83	inf
0.831	inf
0.832	inf
0.833	inf
0.834	inf
0.835	inf
0.836	inf
0.837	inf
0.838	inf
0.839	inf
0.84	inf
0.841	inf
0.842	inf
0.843	inf
0.844	inf
0.845	inf
0.846	inf
0.847	inf
0.848	inf
0.849	inf
0.85	inf
0.851	inf
0.852	inf
0.853	inf
0.854	inf
0.855	inf
0.856	inf
0.857	inf
0.858	inf
0.859	inf
0.86	inf
0.861	inf
0.862	inf
0.863	inf
0.864	inf
0.865	inf
0.866	inf
0.867	inf
0.868	inf
0.869	inf
0.87	inf
0.871	inf
0.872	inf
0.873	inf
0.874	inf
0.875	inf
0.876	inf
0.877	inf
0.878	inf
0.879	inf
0.88	inf
0.881	inf
0.882	inf
0.883	inf
0.884	inf
0.885	inf
0.886	inf
0.887	inf
0.888	inf
0.889	inf
0.89	inf
0.891	inf
0.892	inf
0.893	inf
0.894	inf
0.895	inf
0.896	inf
0.897	inf
0.898	inf
0.899	inf
0.9	inf
0.901	inf
0.902	inf
0.903	inf
0.904	inf
0.905	inf
0.906	inf
0.907	inf
0.908	inf
0.909	inf
0.91	inf
0.911	inf
0.912	inf
0.913	inf
0.914	inf
0.915	inf
0.916	inf
0.917	inf
0.918	inf
0.919	inf
0.92	inf
0.921	inf
0.922	inf
0.923	inf
0.924	inf
0.925	inf
0.926	inf
0.927	inf
0.928	inf
0.929	inf
0.93	inf
0.931	inf
0.932	inf
0.933	inf
0.934	inf
0.935	inf
0.936	inf
0.937	inf
0.938	inf
0.939	inf
0.94	inf
0.941	inf
0.942	inf
0.943	inf
0.944	inf
0.945	inf
0.946	inf
0.947	inf
0.948	inf
0.949	inf
0.95	inf
0.951	inf
0.952	inf
0.953	inf
0.954	inf
0.955	inf
0.956	inf
0.957	inf
0.958	inf
0.959	inf
0.96	inf
0.961	inf
0.962	inf
0.963	inf
0.964	inf
0.965	inf
0.966	inf
0.967	inf
0.968	inf
0.969	inf
0.97	inf
0.971	inf
0.972	inf
0.973	inf
0.974	inf
0.975	inf
0.976	inf
0.977	inf
0.978	inf
0.979	inf
0.98	inf
0.981	inf
0.982	inf
0.983	inf
0.984	inf
0.985	inf
0.986	inf
0.987	inf
0.988	inf
0.989	inf
0.99	inf
0.991	inf
0.992	inf
0.993	inf
0.994	inf
0.995	inf
0.996	inf
0.997	inf
0.998	inf
0.999	inf
1	inf
1.001	inf
1.002	inf
1.003	inf
1.004	inf
1.005	inf
1.006	inf
1.007	inf
1.008	inf
1.009	inf
1.01	inf
1.011	inf
1.012	inf
1.013	inf
1.014	inf
1.015	inf
1.016	inf
1.017	inf
1.018	inf
1.019	inf
1.02	inf
1.021	inf
1.022	inf
1.023	inf
1.024	inf
1.025	inf
1.026	inf
1.027	inf
1.028	inf
1.029	inf
1.03	inf
1.031	inf
1.032	inf
1.033	inf
1.034	inf
1.035	inf
1.036	inf
1.037	inf
1.038	inf
1.039	inf
1.04	inf
1.041	inf
1.042	inf
1.043	inf
1.044	inf
1.045	inf
1.046	inf
1.047	inf
1.048	inf
1.049	inf
1.05	inf
1.051	inf
1.052	inf
1.053	inf
1.054	inf
1.055	inf
1.056	inf
1.057	inf
1.058	inf
1.059	inf
1.06	inf
1.061	inf
1.062	inf
1.063	inf
1.064	inf
1.065	inf
1.066	inf
1.067	inf
1.068	inf
1.069	inf
1.07	inf
1.071	inf
1.072	inf
1.073	inf
1.074	inf
1.075	inf
1.076	594.972
1.077	594.972
1.078	593.586
1.079	592.775
1.08	592.199
1.081	591.08
1.082	590.367
1.083	589.427
1.084	588.534
1.085	587.645
1.086	586.75
1.087	585.885
1.088	585.019
1.089	584.149
1.09	583.273
1.091	582.408
1.092	581.539
1.093	580.672
1.094	579.807
1.095	578.942
1.096	578.079
1.097	577.218
1.098	576.357
1.099	575.498
1.1	574.64
1.101	573.783
1.102	572.927
1.103	572.073
1.104	571.22
1.105	570.368
1.106	569.517
1.107	568.667
1.108	567.819
1.109	566.971
1.11	566.125
1.111	565.28
1.112	564.437
1.113	563.594
1.114	562.753
1.115	561.912
1.116	561.073
1.117	560.235
1.118	559.399
1.119	558.563
1.12	557.729
1.121	556.896
1.122	556.064
1.123	555.233
1.124	554.403
1.125	553.574
1.126	552.747
1.127	551.921
1.128	551.096
1.129	550.272
1.13	549.449
1.131	548.627
1.132	547.807
1.133	546.987
1.134	546.169
1.135	545.352
1.136	544.536
1.137	543.721
1.138	542.907
1.139	542.094
1.14	541.283
1.141	540.473
1.142	539.663
1.143	538.855
1.144	538.048
1.145	537.242
1.146	536.437
1.147	535.634
1.148	534.831
1.149	534.03
1.15	533.229
1.151	532.43
1.152	531.632
1.153	530.835
1.154	530.039
1.155	529.244
1.156	528.45
1.157	527.657
1.158	526.866
1.159	526.075
1.16	525.286
1.161	524.497
1.162	523.71
1.163	522.924
1.164	522.139
1.165	521.355
1.166	520.572
1.167	519.79
1.168	519.009
1.169	518.229
1.17	517.451
1.171	516.673
1.172	515.896
1.173	515.121
1.174	514.347
1.175	513.573
1.176	512.801
1.177	512.03
1.178	511.259
1.179	510.49
1.18	509.722
1.181	508.955
1.182	508.189
1.183	507.424
1.184	506.66
1.185	505.897
1.186	505.135
1.187	504.374
1.188	503.615
1.189	502.856
1.19	502.098
1.191	501.341
1.192	500.586
1.193	499.831
1.194	499.078
1.195	498.325
1.196	497.573
1.197	496.823
1.198	496.073
1.199	495.325
1.2	494.577
1.201	493.831
1.202	493.085
1.203	492.341
1.204	491.597
1.205	490.855
1.206	490.113
1.207	489.373
1.208	488.634
1.209	487.895
1.21	487.158
1.211	486.421
1.212	485.686
1.213	484.951
1.214	484.218
1.215	483.485
1.216	482.754
1.217	482.023
1.218	481.294
1.219	480.565
1.22	479.838
1.221	479.111
1.222	478.385
1.223	477.661
1.224	476.937
1.225	476.214
1.226	475.493
1.227	474.772
1.228	474.052
1.229	473.333
1.23	472.615
1.231	471.899
1.232	471.183
1.233	470.468
1.234	469.754
1.235	469.041
1.236	468.329
1.237	467.617
1.238	466.907
1.239	466.198
1.24	465.49
1.241	464.782
1.242	464.076
1.243	463.371
1.244	462.666
1.245	461.963
1.246	461.26
1.247	460.558
1.248	459.857
1.249	459.158
1.25	458.459
1.251	457.761
1.252	457.064
1.253	456.368
1.254	455.673
1.255	454.978
1.256	454.285
1.257	453.593
1.258	452.901
1.259	452.211
1.26	451.521
1.261	450.833
1.262	450.145
1.263	449.458
1.264	448.772
1.265	448.087
1.266	447.403
1.267	446.72
1.268	446.037
1.269	445.356
1.27	444.675
1.271	443.996
1.272	443.317
1.273	442.639
1.274	441.963
1.275	441.287
1.276	440.612
1.277	439.937
1.278	439.264
1.279	438.592
1.28	437.92
1.281	437.25
1.282	436.58
1.283	435.911
1.284	435.243
1.285	434.576
1.286	433.91
1.287	433.244
1.288	432.58
1.289	431.916
1.29	431.254
1.291	430.592
1.292	429.931
1.293	429.271
1.294	428.612
1.295	427.954
1.296	427.296
1.297	426.64
1.298	425.984
1.299	425.329
1.3	424.675
1.301	424.022
1.302	423.37
1.303	422.718
1.304	422.068
1.305	421.418
1.306	420.769
1.307	420.121
1.308	419.474
1.309	418.828
1.31	418.183
1.311	417.538
1.312	416.894
1.313	416.251
1.314	415.609
1.315	414.968
1.316	414.328
1.317	413.688
1.318	413.05
1.319	412.412
1.32	411.775
1.321	411.139
1.322	410.504
1.323	409.869
1.324	409.236
1.325	408.603
1.326	407.971
1.327	407.34
1.328	406.709
1.329	406.08
1.33	405.451
1.331	404.823
1.332	404.196
1.333	403.57
1.334	402.945
1.335	402.32
1.336	401.697
1.337	401.074
1.338	400.452
1.339	399.83
1.34	399.21
1.341	398.59
1.342	397.971
1.343	397.353
1.344	396.736
1.345	396.12
1.346	395.504
1.347	394.889
1.348	394.275
1.349	393.662
1.35	393.05
1.351	392.438
1.352	391.827
1.353	391.217
1.354	390.608
1.355	390
1.356	389.392
1.357	388.785
1.358	388.179
1.359	387.574
1.36	386.969
1.361	386.366
1.362	385.763
1.363	385.161
1.364	384.559
1.365	383.959
1.366	383.359
1.367	382.76
1.368	382.162
1.369	381.565
1.37	380.968
1.371	380.372
1.372	379.777
1.373	379.183
1.374	378.589
1.375	377.997
1.376	377.405
1.377	376.813
1.378	376.223
1.379	375.633
1.38	375.044
1.381	374.456
1.382	373.869
1.383	373.282
1.384	372.696
1.385	372.111
1.386	371.527
1.387	370.943
1.388	370.361
1.389	369.779
1.39	369.197
1.391	368.617
1.392	368.037
1.393	367.458
1.394	366.88
1.395	366.302
1.396	365.725
1.397	365.149
1.398	364.574
1.399	363.999
1.4	363.426
1.401	362.853
1.402	362.28
1.403	361.709
1.404	361.138
1.405	360.568
1.406	359.998
1.407	359.43
1.408	358.862
1.409	358.295
1.41	357.728
1.411	357.163
1.412	356.598
1.413	356.033
1.414	355.47
1.415	354.907
1.416	354.345
1.417	353.784
1.418	353.223
1.419	352.664
1.42	352.104
1.421	351.546
1.422	350.988
1.423	350.431
1.424	349.875
1.425	349.32
1.426	348.765
1.427	348.211
1.428	347.657
1.429	347.105
1.43	346.553
1.431	346.002
1.432	345.451
1.433	344.901
1.434	344.352
1.435	343.804
1.436	343.256
1.437	342.709
1.438	342.163
1.439	341.617
1.44	341.072
1.441	340.528
1.442	339.985
1.443	339.442
1.444	338.9
1.445	338.359
1.446	337.818
1.447	337.278
1.448	336.739
1.449	336.2
1.45	335.662
1.451	335.125
1.452	334.589
1.453	334.053
1.454	333.518
1.455	332.984
1.456	332.45
1.457	331.917
1.458	331.384
1.459	330.853
1.46	330.322
1.461	329.792
1.462	329.262
1.463	328.733
1.464	328.205
1.465	327.677
1.466	327.15
1.467	326.624
1.468	326.099
1.469	325.574
1.47	325.05
1.471	324.526
1.472	324.003
1.473	323.481
1.474	322.96
1.475	322.439
1.476	321.919
1.477	321.399
1.478	320.88
1.479	320.362
1.48	319.845
1.481	319.328
1.482	318.812
1.483	318.296
1.484	317.782
1.485	317.267
1.486	316.754
1.487	316.241
1.488	315.729
1.489	315.217
1.49	314.707
1.491	314.196
1.492	313.687
1.493	313.178
1.494	312.67
1.495	312.162
1.496	311.655
1.497	311.149
1.498	310.643
1.499	310.138
1.5	309.634
1.501	309.13
1.502	308.627
1.503	308.125
1.504	307.623
1.505	307.122
1.506	306.622
1.507	306.122
1.508	305.623
1.509	305.124
1.51	304.626
1.511	304.129
1.512	303.632
1.513	303.136
1.514	302.641
1.515	302.146
1.516	301.652
1.517	301.159
1.518	300.666
1.519	300.174
1.52	299.682
1.521	299.192
1.522	298.701
1.523	298.212
1.524	297.723
1.525	297.234
1.526	296.747
1.527	296.259
1.528	295.773
1.529	295.287
1.53	294.802
1.531	294.317
1.532	293.833
1.533	293.35
1.534	292.867
1.535	292.385
1.536	291.903
1.537	291.422
1.538	290.942
1.539	290.462
1.54	289.983
1.541	289.505
1.542	289.027
1.543	288.55
1.544	288.073
1.545	287.597
1.546	287.122
1.547	286.647
1.548	286.173
1.549	285.699
1.55	285.226
1.551	284.754
1.552	284.282
1.553	283.811
1.554	283.341
1.555	282.871
1.556	282.401
1.557	281.933
1.558	281.465
1.559	280.997
1.56	280.53
1.561	280.064
1.562	279.598
1.563	279.133
1.564	278.669
1.565	278.205
1.566	277.741
1.567	277.279
1.568	276.816
1.569	276.355
1.57	275.894
1.571	275.433
1.572	274.974
1.573	274.515
1.574	274.056
1.575	273.598
1.576	273.141
1.577	272.684
1.578	272.227
1.579	271.772
1.58	271.317
1.581	270.862
1.582	270.408
1.583	269.955
1.584	269.502
1.585	269.05
1.586	268.598
1.587	268.147
1.588	267.697
1.589	267.247
1.59	266.798
1.591	266.349
1.592	265.901
1.593	265.454
1.594	265.007
1.595	264.56
1.596	264.114
1.597	263.669
1.598	263.224
1.599	262.78
1.6	262.337
1.601	261.894
1.602	261.451
1.603	261.01
1.604	260.568
1.605	260.128
1.606	259.688
1.607	259.248
1.608	258.809
1.609	258.371
1.61	257.933
1.611	257.495
1.612	257.059
1.613	256.622
1.614	256.187
1.615	255.752
1.616	255.317
1.617	254.883
1.618	254.45
1.619	254.017
1.62	253.585
1.621	253.153
1.622	252.722
1.623	252.291
1.624	251.861
1.625	251.432
1.626	251.003
1.627	250.574
1.628	250.147
1.629	249.719
1.63	249.292
1.631	248.866
1.632	248.441
1.633	248.015
1.634	247.591
1.635	247.167
1.636	246.743
1.637	246.321
1.638	245.898
1.639	245.476
1.64	245.055
1.641	244.634
1.642	244.214
1.643	243.794
1.644	243.375
1.645	242.957
1.646	242.539
1.647	242.121
1.648	241.704
1.649	241.288
1.65	240.872
1.651	240.456
1.652	240.042
1.653	239.627
1.654	239.213
1.655	238.8
1.656	238.388
1.657	237.975
1.658	237.564
1.659	237.153
1.66	236.742
1.661	236.332
1.662	235.922
1.663	235.513
1.664	235.105
1.665	234.697
1.666	234.29
1.667	233.883
1.668	233.476
1.669	233.071
1.67	232.665
1.671	232.26
1.672	231.856
1.673	231.452
1.674	231.049
1.675	230.647
1.676	230.244
1.677	229.843
1.678	229.442
1.679	229.041
1.68	228.641
1.681	228.241
1.682	227.842
1.683	227.444
1.684	227.045
1.685	226.648
1.686	226.251
1.687	225.854
1.688	225.458
1.689	225.063
1.69	224.668
1.691	224.273
1.692	223.879
1.693	223.486
1.694	223.093
1.695	222.701
1.696	222.309
1.697	221.917
1.698	221.526
1.699	221.136
1.7	220.746
1.701	220.357
1.702	219.968
1.703	219.579
1.704	219.192
1.705	218.804
1.706	218.417
1.707	218.031
1.708	217.645
1.709	217.26
1.71	216.875
1.711	216.49
1.712	216.107
1.713	215.723
1.714	215.34
1.715	214.958
1.716	214.576
1.717	214.195
1.718	213.814
1.719	213.433
1.72	213.053
1.721	212.674
1.722	212.295
1.723	211.916
1.724	211.539
1.725	211.161
1.726	210.784
1.727	210.408
1.728	210.032
1.729	209.656
1.73	209.281
1.731	208.907
1.732	208.533
1.733	208.159
1.734	207.786
1.735	207.413
1.736	207.041
1.737	206.67
1.738	206.298
1.739	205.928
1.74	205.558
1.741	205.188
1.742	204.819
1.743	204.45
1.744	204.082
1.745	203.714
1.746	203.347
1.747	202.98
1.748	202.614
1.749	202.248
1.75	201.882
1.751	201.517
1.752	201.153
1.753	200.789
1.754	200.426
1.755	200.063
1.756	199.7
1.757	199.338
1.758	198.976
1.759	198.615
1.76	198.255
1.761	197.894
1.762	197.535
1.763	197.175
1.764	196.817
1.765	196.458
1.766	196.101
1.767	195.743
1.768	195.386
1.769	195.03
1.77	194.674
1.771	194.318
1.772	193.963
1.773	193.609
1.774	193.255
1.775	192.901
1.776	192.548
1.777	192.195
1.778	191.843
1.779	191.491
1.78	191.14
1.781	190.789
1.782	190.439
1.783	190.089
1.784	189.739
1.785	189.39
1.786	189.041
1.787	188.693
1.788	188.346
1.789	187.998
1.79	187.652
1.791	187.305
1.792	186.96
1.793	186.614
1.794	186.269
1.795	185.925
1.796	185.581
1.797	185.237
1.798	184.894
1.799	184.551
1.8	184.209
1.801	183.867
1.802	183.526
1.803	183.185
1.804	182.845
1.805	182.505
1.806	182.165
1.807	181.826
1.808	181.488
1.809	181.149
1.81	180.812
1.811	180.474
1.812	180.137
1.813	179.801
1.814	179.465
1.815	179.13
1.816	178.794
1.817	178.46
1.818	178.126
1.819	177.792
1.82	177.458
1.821	177.126
1.822	176.793
1.823	176.461
1.824	176.13
1.825	175.798
1.826	175.468
1.827	175.138
1.828	174.808
1.829	174.478
1.83	174.149
1.831	173.821
1.832	173.493
1.833	173.165
1.834	172.838
1.835	172.511
1.836	172.185
1.837	171.859
1.838	171.534
1.839	171.209
1.84	170.884
1.841	170.56
1.842	170.236
1.843	169.913
1.844	169.59
1.845	169.267
1.846	168.945
1.847	168.624
1.848	168.303
1.849	167.982
1.85	167.661
1.851	167.342
1.852	167.022
1.853	166.703
1.854	166.384
1.855	166.066
1.856	165.748
1.857	165.431
1.858	165.114
1.859	164.798
1.86	164.482
1.861	164.166
1.862	163.851
1.863	163.536
1.864	163.221
1.865	162.907
1.866	162.594
1.867	162.281
1.868	161.968
1.869	161.656
1.87	161.344
1.871	161.032
1.872	160.721
1.873	160.411
1.874	160.1
1.875	159.791
1.876	159.481
1.877	159.172
1.878	158.864
1.879	158.556
1.88	158.248
1.881	157.941
1.882	157.634
1.883	157.327
1.884	157.021
1.885	156.715
1.886	156.41
1.887	156.105
1.888	155.801
1.889	155.497
1.89	155.193
1.891	154.89
1.892	154.587
1.893	154.285
1.894	153.983
1.895	153.681
1.896	153.38
1.897	153.079
1.898	152.779
1.899	152.479
1.9	152.179
1.901	151.88
1.902	151.581
1.903	151.283
1.904	150.985
1.905	150.687
1.906	150.39
1.907	150.093
1.908	149.797
1.909	149.501
1.91	149.206
1.911	148.91
1.912	148.616
1.913	148.321
1.914	148.027
1.915	147.734
1.916	147.441
1.917	147.148
1.918	146.856
1.919	146.564
1.92	146.272
1.921	145.981
1.922	145.69
1.923	145.4
1.924	145.11
1.925	144.82
1.926	144.531
1.927	144.242
1.928	143.954
1.929	143.666
1.93	143.378
1.931	143.091
1.932	142.804
1.933	142.517
1.934	142.231
1.935	141.946
1.936	141.66
1.937	141.375
1.938	141.091
1.939	140.807
1.94	140.523
1.941	140.24
1.942	139.957
1.943	139.674
1.944	139.392
1.945	139.11
1.946	138.829
1.947	138.548
1.948	138.267
1.949	137.987
1.95	137.707
1.951	137.427
1.952	137.148
1.953	136.87
1.954	136.591
1.955	136.313
1.956	136.036
1.957	135.758
1.958	135.482
1.959	135.205
1.96	134.929
1.961	134.653
1.962	134.378
1.963	134.103
1.964	133.829
1.965	133.554
1.966	133.281
1.967	133.007
1.968	132.734
1.969	132.461
1.97	132.189
1.971	131.917
1.972	131.646
1.973	131.375
1.974	131.104
1.975	130.833
1.976	130.563
1.977	130.294
1.978	130.024
1.979	129.755
1.98	129.487
1.981	129.219
1.982	128.951
1.983	128.683
1.984	128.416
1.985	128.15
1.986	127.883
1.987	127.617
1.988	127.352
1.989	127.087
1.99	126.822
1.991	126.557
1.992	126.293
1.993	126.029
1.994	125.766
1.995	125.503
1.996	125.24
1.997	124.978
1.998	124.716
1.999	124.455
2	124.194
2.001	123.933
2.002	123.672
2.003	123.412
2.004	123.152
2.005	122.893
2.006	122.634
2.007	122.375
2.008	122.117
2.009	121.859
2.01	121.602
2.011	121.344
2.012	121.088
2.013	120.831
2.014	120.575
2.015	120.319
2.016	120.064
2.017	119.809
2.018	119.554
2.019	119.3
2.02	119.046
2.021	118.792
2.022	118.539
2.023	118.286
2.024	118.034
2.025	117.781
2.026	117.53
2.027	117.278
2.028	117.027
2.029	116.776
2.03	116.526
2.031	116.276
2.032	116.026
2.033	115.777
2.034	115.528
2.035	115.279
2.036	115.031
2.037	114.783
2.038	114.535
2.039	114.288
2.04	114.041
2.041	113.795
2.042	113.549
2.043	113.303
2.044	113.057
2.045	112.812
2.046	112.567
2.047	112.323
2.048	112.079
2.049	111.835
2.05	111.592
2.051	111.349
2.052	111.106
2.053	110.864
2.054	110.622
2.055	110.38
2.056	110.139
2.057	109.898
2.058	109.657
2.059	109.417
2.06	109.177
2.061	108.937
2.062	108.698
2.063	108.459
2.064	108.22
2.065	107.982
2.066	107.744
2.067	107.507
2.068	107.27
2.069	107.033
2.07	106.796
2.071	106.56
2.072	106.324
2.073	106.089
2.074	105.854
2.075	105.619
2.076	105.384
2.077	105.15
2.078	104.916
2.079	104.683
2.08	104.45
2.081	104.217
2.082	103.984
2.083	103.752
2.084	103.521
2.085	103.289
2.086	103.058
2.087	102.827
2.088	102.597
2.089	102.367
2.09	102.137
2.091	101.907
2.092	101.678
2.093	101.45
2.094	101.221
2.095	100.993
2.096	100.765
2.097	100.538
2.098	100.311
2.099	100.084
2.1	99.8575
2.101	99.6313
2.102	99.4056
2.103	99.1801
2.104	98.955
2.105	98.7302
2.106	98.5057
2.107	98.2815
2.108	98.0577
2.109	97.8342
2.11	97.6111
2.111	97.3883
2.112	97.1658
2.113	96.9436
2.114	96.7217
2.115	96.5002
2.116	96.279
2.117	96.0581
2.118	95.8376
2.119	95.6174
2.12	95.3975
2.121	95.1779
2.122	94.9586
2.123	94.7397
2.124	94.5211
2.125	94.3028
2.126	94.0849
2.127	93.8672
2.128	93.6499
2.129	93.4329
2.13	93.2163
2.131	92.9999
2.132	92.7839
2.133	92.5682
2.134	92.3528
2.135	92.1377
2.136	91.923
2.137	91.7086
2.138	91.4945
2.139	91.2807
2.14	91.0672
2.141	90.8541
2.142	90.6412
2.143	90.4287
2.144	90.2165
2.145	90.0046
2.146	89.7931
2.147	89.5818
2.148	89.3709
2.149	89.1603
2.15	88.95
2.151	88.74
2.152	88.5304
2.153	88.321
2.154	88.112
2.155	87.9032
2.156	87.6948
2.157	87.4867
2.158	87.279
2.159	87.0715
2.16	86.8643
2.161	86.6575
2.162	86.451
2.163	86.2447
2.164	86.0388
2.165	85.8332
2.166	85.6279
2.167	85.423
2.168	85.2183
2.169	85.0139
2.17	84.8099
2.171	84.6062
2.172	84.4027
2.173	84.1996
2.174	83.9968
2.175	83.7943
2.176	83.5921
2.177	83.3902
2.178	83.1887
2.179	82.9874
2.18	82.7864
2.181	82.5858
2.182	82.3854
2.183	82.1854
2.184	81.9857
2.185	81.7862
2.186	81.5871
2.187	81.3883
2.188	81.1898
2.189	80.9916
2.19	80.7937
2.191	80.5961
2.192	80.3988
2.193	80.2018
2.194	80.0051
2.195	79.8087
2.196	79.6126
2.197	79.4168
2.198	79.2213
2.199	79.0262
2.2	78.8313
2.201	78.6367
2.202	78.4424
2.203	78.2485
2.204	78.0548
2.205	77.8614
2.206	77.6683
2.207	77.4756
2.208	77.2831
2.209	77.0909
2.21	76.899
2.211	76.7074
2.212	76.5162
2.213	76.3252
2.214	76.1345
2.215	75.9441
2.216	75.754
2.217	75.5642
2.218	75.3747
2.219	75.1855
2.22	74.9966
2.221	74.808
2.222	74.6197
2.223	74.4317
2.224	74.244
2.225	74.0565
2.226	73.8694
2.227	73.6826
2.228	73.496
2.229	73.3098
2.23	73.1238
2.231	72.9381
2.232	72.7528
2.233	72.5677
2.234	72.3829
2.235	72.1984
2.236	72.0142
2.237	71.8303
2.238	71.6467
2.239	71.4633
2.24	71.2803
2.241	71.0976
2.242	70.9151
2.243	70.7329
2.244	70.5511
2.245	70.3695
2.246	70.1882
2.247	70.0072
2.248	69.8264
2.249	69.646
2.25	69.4659
2.251	69.286
2.252	69.1064
2.253	68.9272
2.254	68.7482
2.255	68.5695
2.256	68.391
2.257	68.2129
2.258	68.0351
2.259	67.8575
2.26	67.6802
2.261	67.5032
2.262	67.3265
2.263	67.1501
2.264	66.974
2.265	66.7981
2.266	66.6225
2.267	66.4473
2.268	66.2723
2.269	66.0976
2.27	65.9231
2.271	65.749
2.272	65.5751
2.273	65.4015
2.274	65.2282
2.275	65.0552
2.276	64.8825
2.277	64.71
2.278	64.5378
2.279	64.3659
2.28	64.1943
2.281	64.023
2.282	63.8519
2.283	63.6812
2.284	63.5107
2.285	63.3405
2.286	63.1705
2.287	63.0009
2.288	62.8315
2.289	62.6624
2.29	62.4936
2.291	62.325
2.292	62.1568
2.293	61.9888
2.294	61.8211
2.295	61.6536
2.296	61.4865
2.297	61.3196
2.298	61.153
2.299	60.9867
2.3	60.8206
2.301	60.6548
2.302	60.4893
2.303	60.3241
2.304	60.1592
2.305	59.9945
2.306	59.8301
2.307	59.666
2.308	59.5021
2.309	59.3385
2.31	59.1752
2.311	59.0122
2.312	58.8494
2.313	58.6869
2.314	58.5247
2.315	58.3628
2.316	58.2011
2.317	58.0397
2.318	57.8786
2.319	57.7177
2.32	57.5572
2.321	57.3968
2.322	57.2368
2.323	57.077
2.324	56.9175
2.325	56.7583
2.326	56.5993
2.327	56.4406
2.328	56.2822
2.329	56.1241
2.33	55.9662
2.331	55.8086
2.332	55.6512
2.333	55.4941
2.334	55.3373
2.335	55.1808
2.336	55.0245
2.337	54.8685
2.338	54.7127
2.339	54.5573
2.34	54.4021
2.341	54.2471
2.342	54.0924
2.343	53.938
2.344	53.7839
2.345	53.63
2.346	53.4764
2.347	53.323
2.348	53.1699
2.349	53.0171
2.35	52.8646
2.351	52.7123
2.352	52.5602
2.353	52.4085
2.354	52.257
2.355	52.1057
2.356	51.9548
2.357	51.804
2.358	51.6536
2.359	51.5034
2.36	51.3535
2.361	51.2038
2.362	51.0544
2.363	50.9053
2.364	50.7564
2.365	50.6078
2.366	50.4594
2.367	50.3113
2.368	50.1635
2.369	50.0159
2.37	49.8686
2.371	49.7215
2.372	49.5747
2.373	49.4282
2.374	49.2819
2.375	49.1359
2.376	48.9901
2.377	48.8446
2.378	48.6993
2.379	48.5543
2.38	48.4096
2.381	48.2651
2.382	48.1209
2.383	47.9769
2.384	47.8332
2.385	47.6898
2.386	47.5466
2.387	47.4037
2.388	47.261
2.389	47.1186
2.39	46.9764
2.391	46.8345
2.392	46.6928
2.393	46.5514
2.394	46.4103
2.395	46.2694
2.396	46.1287
2.397	45.9883
2.398	45.8482
2.399	45.7083
2.4	45.5687
2.401	45.4293
2.402	45.2902
2.403	45.1513
2.404	45.0127
2.405	44.8744
2.406	44.7362
2.407	44.5984
2.408	44.4608
2.409	44.3234
2.41	44.1863
2.411	44.0495
2.412	43.9129
2.413	43.7765
2.414	43.6404
2.415	43.5046
2.416	43.369
2.417	43.2336
2.418	43.0985
2.419	42.9636
2.42	42.829
2.421	42.6947
2.422	42.5606
2.423	42.4267
2.424	42.2931
2.425	42.1598
2.426	42.0266
2.427	41.8938
2.428	41.7612
2.429	41.6288
2.43	41.4967
2.431	41.3648
2.432	41.2332
2.433	41.1018
2.434	40.9706
2.435	40.8397
2.436	40.7091
2.437	40.5787
2.438	40.4485
2.439	40.3186
2.44	40.189
2.441	40.0596
2.442	39.9304
2.443	39.8015
2.444	39.6728
2.445	39.5443
2.446	39.4161
2.447	39.2882
2.448	39.1605
2.449	39.033
2.45	38.9058
2.451	38.7788
2.452	38.6521
2.453	38.5256
2.454	38.3993
2.455	38.2733
2.456	38.1475
2.457	38.022
2.458	37.8967
2.459	37.7717
2.46	37.6469
2.461	37.5223
2.462	37.398
2.463	37.2739
2.464	37.1501
2.465	37.0265
2.466	36.9031
2.467	36.78
2.468	36.6571
2.469	36.5345
2.47	36.4121
2.471	36.2899
2.472	36.168
2.473	36.0463
2.474	35.9248
2.475	35.8036
2.476	35.6826
2.477	35.5619
2.478	35.4414
2.479	35.3212
2.48	35.2011
2.481	35.0813
2.482	34.9618
2.483	34.8425
2.484	34.7234
2.485	34.6046
2.486	34.486
2.487	34.3676
2.488	34.2495
2.489	34.1316
2.49	34.0139
2.491	33.8965
2.492	33.7793
2.493	33.6624
2.494	33.5456
2.495	33.4291
2.496	33.3129
2.497	33.1969
2.498	33.0811
2.499	32.9655
2.5	32.8502
2.501	32.7351
2.502	32.6203
2.503	32.5057
2.504	32.3913
2.505	32.2771
2.506	32.1632
2.507	32.0495
2.508	31.9361
2.509	31.8229
2.51	31.7099
2.511	31.5971
2.512	31.4846
2.513	31.3723
2.514	31.2602
2.515	31.1484
2.516	31.0368
2.517	30.9254
2.518	30.8142
2.519	30.7033
2.52	30.5926
2.521	30.4822
2.522	30.372
2.523	30.262
2.524	30.1522
2.525	30.0426
2.526	29.9333
2.527	29.8243
2.528	29.7154
2.529	29.6068
2.53	29.4984
2.531	29.3902
2.532	29.2823
2.533	29.1745
2.534	29.0671
2.535	28.9598
2.536	28.8528
2.537	28.7459
2.538	28.6394
2.539	28.533
2.54	28.4269
2.541	28.321
2.542	28.2153
2.543	28.1099
2.544	28.0046
2.545	27.8996
2.546	27.7949
2.547	27.6903
2.548	27.586
2.549	27.4819
2.55	27.378
2.551	27.2743
2.552	27.1709
2.553	27.0677
2.554	26.9647
2.555	26.862
2.556	26.7594
2.557	26.6571
2.558	26.555
2.559	26.4532
2.56	26.3515
2.561	26.2501
2.562	26.1489
2.563	26.0479
2.564	25.9472
2.565	25.8467
2.566	25.7463
2.567	25.6463
2.568	25.5464
2.569	25.4467
2.57	25.3473
2.571	25.2481
2.572	25.1491
2.573	25.0504
2.574	24.9518
2.575	24.8535
2.576	24.7554
2.577	24.6575
2.578	24.5598
2.579	24.4624
2.58	24.3652
2.581	24.2682
2.582	24.1714
2.583	24.0748
2.584	23.9785
2.585	23.8823
2.586	23.7864
2.587	23.6907
2.588	23.5952
2.589	23.5
2.59	23.4049
2.591	23.3101
2.592	23.2155
2.593	23.1211
2.594	23.0269
2.595	22.933
2.596	22.8392
2.597	22.7457
2.598	22.6524
2.599	22.5593
2.6	22.4664
2.601	22.3738
2.602	22.2813
2.603	22.1891
2.604	22.0971
2.605	22.0053
2.606	21.9137
2.607	21.8223
2.608	21.7312
2.609	21.6402
2.61	21.5495
2.611	21.459
2.612	21.3687
2.613	21.2786
2.614	21.1887
2.615	21.0991
2.616	21.0096
2.617	20.9204
2.618	20.8314
2.619	20.7426
2.62	20.654
2.621	20.5656
2.622	20.4774
2.623	20.3894
2.624	20.3017
2.625	20.2142
2.626	20.1268
2.627	20.0397
2.628	19.9528
2.629	19.8661
2.63	19.7797
2.631	19.6934
2.632	19.6073
2.633	19.5215
2.634	19.4359
2.635	19.3504
2.636	19.2652
2.637	19.1802
2.638	19.0954
2.639	19.0108
2.64	18.9265
2.641	18.8423
2.642	18.7583
2.643	18.6746
2.644	18.591
2.645	18.5077
2.646	18.4246
2.647	18.3417
2.648	18.259
2.649	18.1765
2.65	18.0942
2.651	18.0121
2.652	17.9302
2.653	17.8485
2.654	17.7671
2.655	17.6858
2.656	17.6048
2.657	17.5239
2.658	17.4433
2.659	17.3629
2.66	17.2826
2.661	17.2026
2.662	17.1228
2.663	17.0432
2.664	16.9638
2.665	16.8846
2.666	16.8056
2.667	16.7268
2.668	16.6482
2.669	16.5699
2.67	16.4917
2.671	16.4137
2.672	16.336
2.673	16.2584
2.674	16.1811
2.675	16.1039
2.676	16.027
2.677	15.9502
2.678	15.8737
2.679	15.7974
2.68	15.7212
2.681	15.6453
2.682	15.5696
2.683	15.4941
2.684	15.4187
2.685	15.3436
2.686	15.2687
2.687	15.194
2.688	15.1195
2.689	15.0452
2.69	14.9711
2.691	14.8971
2.692	14.8234
2.693	14.7499
2.694	14.6766
2.695	14.6035
2.696	14.5306
2.697	14.4579
2.698	14.3854
2.699	14.3131
2.7	14.241
2.701	14.1691
2.702	14.0974
2.703	14.0259
2.704	13.9546
2.705	13.8835
2.706	13.8126
2.707	13.7419
2.708	13.6714
2.709	13.6011
2.71	13.531
2.711	13.4611
2.712	13.3914
2.713	13.3219
2.714	13.2526
2.715	13.1834
2.716	13.1145
2.717	13.0458
2.718	12.9773
2.719	12.909
2.72	12.8408
2.721	12.7729
2.722	12.7052
2.723	12.6376
2.724	12.5703
2.725	12.5031
2.726	12.4362
2.727	12.3694
2.728	12.3029
2.729	12.2365
2.73	12.1704
2.731	12.1044
2.732	12.0386
2.733	11.9731
2.734	11.9077
2.735	11.8425
2.736	11.7775
2.737	11.7127
2.738	11.6481
2.739	11.5837
2.74	11.5195
2.741	11.4554
2.742	11.3916
2.743	11.328
2.744	11.2646
2.745	11.2013
2.746	11.1383
2.747	11.0754
2.748	11.0127
2.749	10.9503
2.75	10.888
2.751	10.8259
2.752	10.764
2.753	10.7023
2.754	10.6408
2.755	10.5795
2.756	10.5184
2.757	10.4574
2.758	10.3967
2.759	10.3361
2.76	10.2758
2.761	10.2156
2.762	10.1556
2.763	10.0959
2.764	10.0363
2.765	9.97687
2.766	9.91766
2.767	9.85864
2.768	9.79981
2.769	9.74117
2.77	9.68272
2.771	9.62446
2.772	9.56639
2.773	9.50852
2.774	9.45083
2.775	9.39333
2.776	9.33601
2.777	9.27889
2.778	9.22196
2.779	9.16522
2.78	9.10866
2.781	9.0523
2.782	8.99612
2.783	8.94013
2.784	8.88433
2.785	8.82872
2.786	8.77329
2.787	8.71805
2.788	8.663
2.789	8.60814
2.79	8.55347
2.791	8.49898
2.792	8.44468
2.793	8.39057
2.794	8.33664
2.795	8.2829
2.796	8.22935
2.797	8.17599
2.798	8.12281
2.799	8.06981
2.8	8.017
2.801	7.96438
2.802	7.91195
2.803	7.8597
2.804	7.80763
2.805	7.75576
2.806	7.70406
2.807	7.65255
2.808	7.60123
2.809	7.55009
2.81	7.49914
2.811	7.44837
2.812	7.39779
2.813	7.34739
2.814	7.29717
2.815	7.24714
2.816	7.19729
2.817	7.14763
2.818	7.09815
2.819	7.04885
2.82	6.99974
2.821	6.95081
2.822	6.90206
2.823	6.8535
2.824	6.80512
2.825	6.75692
2.826	6.7089
2.827	6.66107
2.828	6.61342
2.829	6.56595
2.83	6.51867
2.831	6.47157
2.832	6.42464
2.833	6.37791
2.834	6.33135
2.835	6.28497
2.836	6.23878
2.837	6.19276
2.838	6.14693
2.839	6.10128
2.84	6.05581
2.841	6.01052
2.842	5.96541
2.843	5.92048
2.844	5.87573
2.845	5.83116
2.846	5.78677
2.847	5.74257
2.848	5.69854
2.849	5.65469
2.85	5.61102
2.851	5.56753
2.852	5.52422
2.853	5.48109
2.854	5.43814
2.855	5.39537
2.856	5.35277
2.857	5.31036
2.858	5.26812
2.859	5.22607
2.86	5.18419
2.861	5.14248
2.862	5.10096
2.863	5.05962
2.864	5.01845
2.865	4.97746
2.866	4.93665
2.867	4.89601
2.868	4.85556
2.869	4.81528
2.87	4.77518
2.871	4.73525
2.872	4.6955
2.873	4.65593
2.874	4.61653
2.875	4.57732
2.876	4.53827
2.877	4.49941
2.878	4.46072
2.879	4.4222
2.88	4.38387
2.881	4.3457
2.882	4.30772
2.883	4.26991
2.884	4.23227
2.885	4.19481
2.886	4.15753
2.887	4.12042
2.888	4.08348
2.889	4.04672
2.89	4.01013
2.891	3.97372
2.892	3.93749
2.893	3.90143
2.894	3.86554
2.895	3.82982
2.896	3.79428
2.897	3.75892
2.898	3.72372
2.899	3.68871
2.9	3.65386
2.901	3.61919
2.902	3.58469
2.903	3.55036
2.904	3.51621
2.905	3.48223
2.906	3.44843
2.907	3.41479
2.908	3.38133
2.909	3.34804
2.91	3.31492
2.911	3.28198
2.912	3.24921
2.913	3.2166
2.914	3.18418
2.915	3.15192
2.916	3.11983
2.917	3.08792
2.918	3.05617
2.919	3.0246
2.92	2.9932
2.921	2.96197
2.922	2.93091
2.923	2.90003
2.924	2.86931
2.925	2.83876
2.926	2.80839
2.927	2.77818
2.928	2.74814
2.929	2.71828
2.93	2.68858
2.931	2.65906
2.932	2.6297
2.933	2.60051
2.934	2.5715
2.935	2.54265
2.936	2.51397
2.937	2.48546
2.938	2.45712
2.939	2.42895
2.94	2.40095
2.941	2.37311
2.942	2.34545
2.943	2.31795
2.944	2.29062
2.945	2.26346
2.946	2.23647
2.947	2.20964
2.948	2.18299
2.949	2.1565
2.95	2.13018
2.951	2.10402
2.952	2.07804
2.953	2.05222
2.954	2.02657
2.955	2.00108
2.956	1.97576
2.957	1.95061
2.958	1.92563
2.959	1.90081
2.96	1.87616
2.961	1.85168
2.962	1.82736
2.963	1.80321
2.964	1.77922
2.965	1.7554
2.966	1.73175
2.967	1.70826
2.968	1.68494
2.969	1.66178
2.97	1.63879
2.971	1.61596
2.972	1.5933
2.973	1.5708
2.974	1.54847
2.975	1.52631
2.976	1.5043
2.977	1.48247
2.978	1.46079
2.979	1.43929
2.98	1.41794
2.981	1.39676
2.982	1.37575
2.983	1.3549
2.984	1.33421
2.985	1.31368
2.986	1.29332
2.987	1.27313
2.988	1.25309
2.989	1.23322
2.99	1.21352
2.991	1.19397
2.992	1.17459
2.993	1.15537
2.994	1.13632
2.995	1.11743
2.996	1.0987
2.997	1.08013
2.998	1.06172
2.999	1.04348
3	1.0254
3.001	1.00748
3.002	0.989722
3.003	0.972127
3.004	0.954693
3.005	0.937421
3.006	0.92031
3.007	0.903361
3.008	0.886573
3.009	0.869946
3.01	0.85348
3.011	0.837175
3.012	0.821031
3.013	0.805048
3.014	0.789225
3.015	0.773563
3.016	0.758061
3.017	0.742719
3.018	0.727538
3.019	0.712516
3.02	0.697655
3.021	0.682953
3.022	0.668412
3.023	0.654029
3.024	0.639807
3.025	0.625744
3.026	0.61184
3.027	0.598095
3.028	0.58451
3.029	0.571083
3.03	0.557816
3.031	0.544707
3.032	0.531757
3.033	0.518966
3.034	0.506333
3.035	0.493858
3.036	0.481542
3.037	0.469384
3.038	0.457384
3.039	0.445542
3.04	0.433858
3.041	0.422331
3.042	0.410962
3.043	0.399751
3.044	0.388698
3.045	0.377801
3.046	0.367062
3.047	0.35648
3.048	0.346055
3.049	0.335787
3.05	0.325676
3.051	0.315722
3.052	0.305924
3.053	0.296282
3.054	0.286798
3.055	0.277469
3.056	0.268297
3.057	0.259281
3.058	0.25042
3.059	0.241716
3.06	0.233168
3.061	0.224775
3.062	0.216538
3.063	0.208456
3.064	0.20053
3.065	0.192759
3.066	0.185143
3.067	0.177683
3.068	0.170377
3.069	0.163226
3.07	0.15623
3.071	0.149389
3.072	0.142702
3.073	0.13617
3.074	0.129792
3.075	0.123569
3.076	0.1175
3.077	0.111585
3.078	0.105823
3.079	0.100216
3.08	0.0947627
3.081	0.0894629
3.082	0.0843167
3.083	0.079324
3.084	0.0744847
3.085	0.0697986
3.086	0.0652658
3.087	0.0608861
3.088	0.0566594
3.089	0.0525856
3.09	0.0486645
3.091	0.0448962
3.092	0.0412805
3.093	0.0378173
3.094	0.0345064
3.095	0.0313479
3.096	0.0283416
3.097	0.0254874
3.098	0.0227852
3.099	0.020235
3.1	0.0178365
3.101	0.0155898
3.102	0.0134947
3.103	0.0115511
3.104	0.00975889
3.105	0.00811804
3.106	0.00662842
3.107	0.00528994
3.108	0.00410248
3.109	0.00306597
3.11	0.00218029
3.111	0.00144535
3.112	0.000861067
3.113	0.000427328
3.114	0.000144041
3.115	1.11104e-05
3.116	2.84391e-05
3.117	0.000195931
3.118	0.000513489
3.119	0.000981017
3.12	0.00159842
3.121	0.0023656
3.122	0.00328246
3.123	0.00434891
3.124	0.00556485
3.125	0.00693019
3.126	0.00844482
3.127	0.0101087
3.128	0.0119216
3.129	0.0138836
3.13	0.0159944
3.131	0.0182541
3.132	0.0206626
3.133	0.0232196
3.134	0.0259252
3.135	0.0287793
3.136	0.0317816
3.137	0.0349323
3.138	0.0382311
3.139	0.041678
3.14	0.0452728
3.141	0.0490155
3.142	0.052906
3.143	0.0569442
3.144	0.06113
3.145	0.0654632
3.146	0.0699439
3.147	0.0745719
3.148	0.0793471
3.149	0.0842695
3.15	0.0893388
3.151	0.0945551
3.152	0.0999183
3.153	0.105428
3.154	0.111085
3.155	0.116888
3.156	0.122838
3.157	0.128934
3.158	0.135176
3.159	0.141564
3.16	0.148099
3.161	0.154779
3.162	0.161606
3.163	0.168578
3.164	0.175696
3.165	0.18296
3.166	0.190369
3.167	0.197924
3.168	0.205624
3.169	0.213469
3.17	0.22146
3.171	0.229596
3.172	0.237876
3.173	0.246302
3.174	0.254872
3.175	0.263587
3.176	0.272447
3.177	0.281451
3.178	0.2906
3.179	0.299893
3.18	0.30933
3.181	0.318912
3.182	0.328637
3.183	0.338507
3.184	0.34852
3.185	0.358678
3.186	0.368979
3.187	0.379423
3.188	0.390012
3.189	0.400743
3.19	0.411618
3.191	0.422637
3.192	0.433798
3.193	0.445103
3.194	0.45655
3.195	0.468141
3.196	0.479874
3.197	0.491751
3.198	0.503769
3.199	0.515931
3.2	0.528234
3.201	0.540681
3.202	0.553269
3.203	0.566
3.204	0.578872
3.205	0.591887
3.206	0.605044
3.207	0.618343
3.208	0.631783
3.209	0.645365
3.21	0.659089
3.211	0.672954
3.212	0.68696
3.213	0.701108
3.214	0.715397
3.215	0.729828
3.216	0.744399
3.217	0.759111
3.218	0.773964
3.219	0.788958
3.22	0.804093
3.221	0.819368
3.222	0.834784
3.223	0.85034
3.224	0.866037
3.225	0.881874
3.226	0.897851
3.227	0.913968
3.228	0.930225
3.229	0.946622
3.23	0.963159
3.231	0.979836
3.232	0.996652
3.233	1.01361
3.234	1.0307
3.235	1.04794
3.236	1.06531
3.237	1.08283
3.238	1.10048
3.239	1.11827
3.24	1.1362
3.241	1.15427
3.242	1.17248
3.243	1.19082
3.244	1.20931
3.245	1.22793
3.246	1.2467
3.247	1.2656
3.248	1.28464
3.249	1.30381
3.25	1.32313
3.251	1.34258
3.252	1.36218
3.253	1.38191
3.254	1.40177
3.255	1.42178
3.256	1.44192
3.257	1.4622
3.258	1.48262
3.259	1.50317
3.26	1.52386
3.261	1.54469
3.262	1.56566
3.263	1.58676
3.264	1.608
3.265	1.62938
3.266	1.6509
3.267	1.67255
3.268	1.69433
3.269	1.71626
3.27	1.73832
3.271	1.76051
3.272	1.78285
3.273	1.80532
3.274	1.82792
3.275	1.85066
3.276	1.87354
3.277	1.89655
3.278	1.9197
3.279	1.94299
3.28	1.96641
3.281	1.98996
3.282	2.01365
3.283	2.03748
3.284	2.06144
3.285	2.08554
3.286	2.10977
3.287	2.13414
3.288	2.15864
3.289	2.18327
3.29	2.20805
3.291	2.23295
3.292	2.25799
3.293	2.28317
3.294	2.30848
3.295	2.33392
3.296	2.3595
3.297	2.38521
3.298	2.41106
3.299	2.43704
3.3	2.46316
3.301	2.4894
3.302	2.51579
3.303	2.5423
3.304	2.56895
3.305	2.59574
3.306	2.62265
3.307	2.6497
3.308	2.67689
3.309	2.7042
3.31	2.73165
3.311	2.75924
3.312	2.78695
3.313	2.8148
3.314	2.84279
3.315	2.8709
3.316	2.89915
3.317	2.92753
3.318	2.95604
3.319	2.98468
3.32	3.01346
3.321	3.04237
3.322	3.07141
3.323	3.10059
3.324	3.12989
3.325	3.15933
3.326	3.1889
3.327	3.2186
3.328	3.24843
3.329	3.2784
3.33	3.3085
3.331	3.33872
3.332	3.36908
3.333	3.39957
3.334	3.4302
3.335	3.46095
3.336	3.49183
3.337	3.52285
3.338	3.55399
3.339	3.58527
3.34	3.61668
3.341	3.64822
3.342	3.67989
3.343	3.71169
3.344	3.74362
3.345	3.77568
3.346	3.80787
3.347	3.84019
3.348	3.87264
3.349	3.90522
3.35	3.93793
3.351	3.97077
3.352	4.00374
3.353	4.03684
3.354	4.07007
3.355	4.10343
3.356	4.13692
3.357	4.17054
3.358	4.20429
3.359	4.23817
3.36	4.27218
3.361	4.30631
3.362	4.34058
3.363	4.37497
3.364	4.40949
3.365	4.44414
3.366	4.47893
3.367	4.51383
3.368	4.54887
3.369	4.58404
3.37	4.61933
3.371	4.65476
3.372	4.69031
3.373	4.72599
3.374	4.7618
3.375	4.79773
3.376	4.8338
3.377	4.86999
3.378	4.90631
3.379	4.94276
3.38	4.97933
3.381	5.01603
3.382	5.05286
3.383	5.08982
3.384	5.12691
3.385	5.16412
3.386	5.20146
3.387	5.23893
3.388	5.27652
3.389	5.31424
3.39	5.35209
3.391	5.39006
3.392	5.42817
3.393	5.46639
3.394	5.50475
3.395	5.54323
3.396	5.58184
3.397	5.62057
3.398	5.65944
3.399	5.69842
3.4	5.73754
3.401	5.77678
3.402	5.81614
3.403	5.85563
3.404	5.89525
3.405	5.93499
3.406	5.97486
3.407	6.01486
3.408	6.05498
3.409	6.09522
3.41	6.13559
3.411	6.17609
3.412	6.21671
3.413	6.25746
3.414	6.29833
3.415	6.33933
3.416	6.38045
3.417	6.4217
3.418	6.46307
3.419	6.50457
3.42	6.54619
3.421	6.58794
3.422	6.62981
3.423	6.6718
3.424	6.71392
3.425	6.75617
3.426	6.79854
3.427	6.84103
3.428	6.88365
3.429	6.92639
3.43	6.96925
3.431	7.01224
3.432	7.05536
3.433	7.09859
3.434	7.14195
3.435	7.18544
3.436	7.22905
3.437	7.27278
3.438	7.31663
3.439	7.36061
3.44	7.40471
3.441	7.44893
3.442	7.49328
3.443	7.53775
3.444	7.58235
3.445	7.62706
3.446	7.6719
3.447	7.71686
3.448	7.76195
3.449	7.80716
3.45	7.85249
3.451	7.89794
3.452	7.94351
3.453	7.98921
3.454	8.03503
3.455	8.08097
3.456	8.12704
3.457	8.17322
3.458	8.21953
3.459	8.26596
3.46	8.31251
3.461	8.35919
3.462	8.40598
3.463	8.4529
3.464	8.49994
3.465	8.5471
3.466	8.59438
3.467	8.64178
3.468	8.68931
3.469	8.73695
3.47	8.78472
3.471	8.8326
3.472	8.88061
3.473	8.92874
3.474	8.97699
3.475	9.02536
3.476	9.07386
3.477	9.12247
3.478	9.1712
3.479	9.22006
3.48	9.26903
3.481	9.31813
3.482	9.36734
3.483	9.41668
3.484	9.46613
3.485	9.51571
3.486	9.5654
3.487	9.61522
3.488	9.66515
3.489	9.71521
3.49	9.76538
3.491	9.81568
3.492	9.86609
3.493	9.91663
3.494	9.96728
3.495	10.0181
3.496	10.0689
3.497	10.12
3.498	10.1711
3.499	10.2223
3.5	10.2737
3.501	10.3252
3.502	10.3768
3.503	10.4285
3.504	10.4804
3.505	10.5323
3.506	10.5844
3.507	10.6366
3.508	10.6889
3.509	10.7414
3.51	10.7939
3.511	10.8466
3.512	10.8994
3.513	10.9523
3.514	11.0053
3.515	11.0585
3.516	11.1118
3.517	11.1651
3.518	11.2186
3.519	11.2723
3.52	11.326
3.521	11.3798
3.522	11.4338
3.523	11.4879
3.524	11.5421
3.525	11.5964
3.526	11.6509
3.527	11.7054
3.528	11.7601
3.529	11.8149
3.53	11.8698
3.531	11.9248
3.532	11.98
3.533	12.0353
3.534	12.0906
3.535	12.1461
3.536	12.2017
3.537	12.2575
3.538	12.3133
3.539	12.3693
3.54	12.4253
3.541	12.4815
3.542	12.5379
3.543	12.5943
3.544	12.6508
3.545	12.7075
3.546	12.7643
3.547	12.8211
3.548	12.8781
3.549	12.9353
3.55	12.9925
3.551	13.0499
3.552	13.1073
3.553	13.1649
3.554	13.2226
3.555	13.2804
3.556	13.3384
3.557	13.3964
3.558	13.4546
3.559	13.5128
3.56	13.5712
3.561	13.6297
3.562	13.6884
3.563	13.7471
3.564	13.806
3.565	13.8649
3.566	13.924
3.567	13.9832
3.568	14.0425
3.569	14.1019
3.57	14.1615
3.571	14.2211
3.572	14.2809
3.573	14.3408
3.574	14.4008
3.575	14.4609
3.576	14.5211
3.577	14.5815
3.578	14.6419
3.579	14.7025
3.58	14.7632
3.581	14.8239
3.582	14.8849
3.583	14.9459
3.584	15.007
3.585	15.0683
3.586	15.1296
3.587	15.1911
3.588	15.2527
3.589	15.3144
3.59	15.3762
3.591	15.4381
3.592	15.5002
3.593	15.5623
3.594	15.6246
3.595	15.687
3.596	15.7495
3.597	15.8121
3.598	15.8748
3.599	15.9376
3.6	16.0006
3.601	16.0636
3.602	16.1268
3.603	16.1901
3.604	16.2535
3.605	16.317
3.606	16.3806
3.607	16.4443
3.608	16.5082
3.609	16.5721
3.61	16.6362
3.611	16.7004
3.612	16.7647
3.613	16.8291
3.614	16.8936
3.615	16.9582
3.616	17.0229
3.617	17.0878
3.618	17.1527
3.619	17.2178
3.62	17.283
3.621	17.3483
3.622	17.4137
3.623	17.4792
3.624	17.5448
3.625	17.6106
3.626	17.6764
3.627	17.7424
3.628	17.8084
3.629	17.8746
3.63	17.9409
3.631	18.0073
3.632	18.0738
3.633	18.1405
3.634	18.2072
3.635	18.274
3.636	18.341
3.637	18.4081
3.638	18.4752
3.639	18.5425
3.64	18.6099
3.641	18.6774
3.642	18.745
3.643	18.8128
3.644	18.8806
3.645	18.9485
3.646	19.0166
3.647	19.0848
3.648	19.153
3.649	19.2214
3.65	19.2899
3.651	19.3585
3.652	19.4272
3.653	19.496
3.654	19.565
3.655	19.634
3.656	19.7032
3.657	19.7724
3.658	19.8418
3.659	19.9113
3.66	19.9808
3.661	20.0505
3.662	20.1203
3.663	20.1903
3.664	20.2603
3.665	20.3304
3.666	20.4006
3.667	20.471
3.668	20.5414
3.669	20.612
3.67	20.6827
3.671	20.7535
3.672	20.8243
3.673	20.8953
3.674	20.9664
3.675	21.0376
3.676	21.109
3.677	21.1804
3.678	21.2519
3.679	21.3236
3.68	21.3953
3.681	21.4672
3.682	21.5391
3.683	21.6112
3.684	21.6834
3.685	21.7557
3.686	21.8281
3.687	21.9006
3.688	21.9732
3.689	22.0459
3.69	22.1187
3.691	22.1917
3.692	22.2647
3.693	22.3379
3.694	22.4111
3.695	22.4845
3.696	22.5579
3.697	22.6315
3.698	22.7052
3.699	22.779
3.7	22.8529
3.701	22.9269
3.702	23.001
3.703	23.0752
3.704	23.1495
3.705	23.2239
3.706	23.2985
3.707	23.3731
3.708	23.4478
3.709	23.5227
3.71	23.5976
3.711	23.6727
3.712	23.7479
3.713	23.8231
3.714	23.8985
3.715	23.974
3.716	24.0496
3.717	24.1253
3.718	24.2011
3.719	24.277
3.72	24.353
3.721	24.4291
3.722	24.5053
3.723	24.5817
3.724	24.6581
3.725	24.7346
3.726	24.8113
3.727	24.888
3.728	24.9649
3.729	25.0418
3.73	25.1189
3.731	25.1961
3.732	25.2734
3.733	25.3507
3.734	25.4282
3.735	25.5058
3.736	25.5835
3.737	25.6613
3.738	25.7392
3.739	25.8172
3.74	25.8953
3.741	25.9735
3.742	26.0518
3.743	26.1302
3.744	26.2088
3.745	26.2874
3.746	26.3661
3.747	26.445
3.748	26.5239
3.749	26.603
3.75	26.6821
3.751	26.7614
3.752	26.8407
3.753	26.9202
3.754	26.9997
3.755	27.0794
3.756	27.1592
3.757	27.239
3.758	27.319
3.759	27.3991
3.76	27.4793
3.761	27.5596
3.762	27.6399
3.763	27.7204
3.764	27.801
3.765	27.8817
3.766	27.9625
3.767	28.0434
3.768	28.1244
3.769	28.2056
3.77	28.2868
3.771	28.3681
3.772	28.4495
3.773	28.531
3.774	28.6126
3.775	28.6944
3.776	28.7762
3.777	28.8581
3.778	28.9401
3.779	29.0223
3.78	29.1045
3.781	29.1868
3.782	29.2693
3.783	29.3518
3.784	29.4345
3.785	29.5172
3.786	29.6001
3.787	29.683
3.788	29.7661
3.789	29.8492
3.79	29.9325
3.791	30.0158
3.792	30.0993
3.793	30.1828
3.794	30.2665
3.795	30.3502
3.796	30.4341
3.797	30.5181
3.798	30.6021
3.799	30.6863
3.8	30.7706
3.801	30.8549
3.802	30.9394
3.803	31.024
3.804	31.1086
3.805	31.1934
3.806	31.2783
3.807	31.3632
3.808	31.4483
3.809	31.5335
3.81	31.6188
3.811	31.7041
3.812	31.7896
3.813	31.8752
3.814	31.9609
3.815	32.0466
3.816	32.1325
3.817	32.2185
3.818	32.3045
3.819	32.3907
3.82	32.477
3.821	32.5634
3.822	32.6498
3.823	32.7364
3.824	32.8231
3.825	32.9099
3.826	32.9967
3.827	33.0837
3.828	33.1708
3.829	33.258
3.83	33.3452
3.831	33.4326
3.832	33.5201
3.833	33.6076
3.834	33.6953
3.835	33.7831
3.836	33.8709
3.837	33.9589
3.838	34.047
3.839	34.1351
3.84	34.2234
3.841	34.3118
3.842	34.4002
3.843	34.4888
3.844	34.5774
3.845	34.6662
3.846	34.7551
3.847	34.844
3.848	34.9331
3.849	35.0222
3.85	35.1115
3.851	35.2008
3.852	35.2903
3.853	35.3798
3.854	35.4694
3.855	35.5592
3.856	35.649
3.857	35.739
3.858	35.829
3.859	35.9191
3.86	36.0094
3.861	36.0997
3.862	36.1901
3.863	36.2806
3.864	36.3713
3.865	36.462
3.866	36.5528
3.867	36.6437
3.868	36.7347
3.869	36.8258
3.87	36.917
3.871	37.0083
3.872	37.0998
3.873	37.1912
3.874	37.2828
3.875	37.3745
3.876	37.4663
3.877	37.5582
3.878	37.6502
3.879	37.7423
3.88	37.8345
3.881	37.9267
3.882	38.0191
3.883	38.1116
3.884	38.2041
3.885	38.2968
3.886	38.3896
3.887	38.4824
3.888	38.5754
3.889	38.6684
3.89	38.7616
3.891	38.8548
3.892	38.9481
3.893	39.0416
3.894	39.1351
3.895	39.2287
3.896	39.3225
3.897	39.4163
3.898	39.5102
3.899	39.6042
3.9	39.6983
3.901	39.7925
3.902	39.8868
3.903	39.9812
3.904	40.0757
3.905	40.1703
3.906	40.2649
3.907	40.3597
3.908	40.4546
3.909	40.5496
3.91	40.6446
3.911	40.7398
3.912	40.835
3.913	40.9304
3.914	41.0258
3.915	41.1214
3.916	41.217
3.917	41.3127
3.918	41.4086
3.919	41.5045
3.92	41.6005
3.921	41.6966
3.922	41.7928
3.923	41.8891
3.924	41.9855
3.925	42.082
3.926	42.1786
3.927	42.2752
3.928	42.372
3.929	42.4689
3.93	42.5658
3.931	42.6629
3.932	42.76
3.933	42.8573
3.934	42.9546
3.935	43.052
3.936	43.1496
3.937	43.2472
3.938	43.3449
3.939	43.4427
3.94	43.5406
3.941	43.6386
3.942	43.7367
3.943	43.8349
3.944	43.9332
3.945	44.0315
3.946	44.13
3.947	44.2286
3.948	44.3272
3.949	44.426
3.95	44.5248
3.951	44.6237
3.952	44.7228
3.953	44.8219
3.954	44.9211
3.955	45.0204
3.956	45.1198
3.957	45.2193
3.958	45.3189
3.959	45.4186
3.96	45.5183
3.961	45.6182
3.962	45.7181
3.963	45.8182
3.964	45.9183
3.965	46.0186
3.966	46.1189
3.967	46.2193
3.968	46.3198
3.969	46.4204
3.97	46.5211
3.971	46.6219
3.972	46.7228
3.973	46.8238
3.974	46.9249
3.975	47.026
3.976	47.1273
3.977	47.2286
3.978	47.3301
3.979	47.4316
3.98	47.5332
3.981	47.6349
3.982	47.7367
3.983	47.8386
3.984	47.9406
3.985	48.0427
3.986	48.1449
3.987	48.2472
3.988	48.3495
3.989	48.452
3.99	48.5545
3.991	48.6571
3.992	48.7599
3.993	48.8627
3.994	48.9656
3.995	49.0686
3.996	49.1717
3.997	49.2748
3.998	49.3781
3.999	49.4815
4	49.5849
4.001	49.6885
4.002	49.7921
4.003	49.8958
4.004	49.9997
4.005	50.1036
4.006	50.2076
4.007	50.3117
4.008	50.4158
4.009	50.5201
4.01	50.6245
4.011	50.7289
4.012	50.8335
4.013	50.9381
4.014	51.0428
4.015	51.1477
4.016	51.2526
4.017	51.3576
4.018	51.4627
4.019	51.5678
4.02	51.6731
4.021	51.7785
4.022	51.8839
4.023	51.9894
4.024	52.0951
4.025	52.2008
4.026	52.3066
4.027	52.4125
4.028	52.5185
4.029	52.6246
4.03	52.7307
4.031	52.837
4.032	52.9433
4.033	53.0498
4.034	53.1563
4.035	53.2629
4.036	53.3696
4.037	53.4764
4.038	53.5833
4.039	53.6903
4.04	53.7974
4.041	53.9045
4.042	54.0118
4.043	54.1191
4.044	54.2265
4.045	54.334
4.046	54.4416
4.047	54.5493
4.048	54.6571
4.049	54.7649
4.05	54.8729
4.051	54.9809
4.052	55.0891
4.053	55.1973
4.054	55.3056
4.055	55.414
4.056	55.5225
4.057	55.6311
4.058	55.7397
4.059	55.8485
4.06	55.9573
4.061	56.0663
4.062	56.1753
4.063	56.2844
4.064	56.3936
4.065	56.5029
4.066	56.6123
4.067	56.7217
4.068	56.8313
4.069	56.9409
4.07	57.0506
4.071	57.1604
4.072	57.2703
4.073	57.3803
4.074	57.4904
4.075	57.6006
4.076	57.7108
4.077	57.8212
4.078	57.9316
4.079	58.0421
4.08	58.1527
4.081	58.2634
4.082	58.3742
4.083	58.485
4.084	58.596
4.085	58.707
4.086	58.8182
4.087	58.9294
4.088	59.0407
4.089	59.1521
4.09	59.2635
4.091	59.3751
4.092	59.4868
4.093	59.5985
4.094	59.7103
4.095	59.8222
4.096	59.9342
4.097	60.0463
4.098	60.1585
4.099	60.2708
4.1	60.3831
4.101	60.4955
4.102	60.6081
4.103	60.7207
4.104	60.8334
4.105	60.9461
4.106	61.059
4.107	61.172
4.108	61.285
4.109	61.3981
4.11	61.5113
4.111	61.6246
4.112	61.738
4.113	61.8515
4.114	61.9651
4.115	62.0787
4.116	62.1924
4.117	62.3062
4.118	62.4201
4.119	62.5341
4.12	62.6482
4.121	62.7624
4.122	62.8766
4.123	62.9909
4.124	63.1054
4.125	63.2199
4.126	63.3344
4.127	63.4491
4.128	63.5639
4.129	63.6787
4.13	63.7937
4.131	63.9087
4.132	64.0238
4.133	64.139
4.134	64.2542
4.135	64.3696
4.136	64.485
4.137	64.6006
4.138	64.7162
4.139	64.8319
4.14	64.9477
4.141	65.0635
4.142	65.1795
4.143	65.2955
4.144	65.4116
4.145	65.5278
4.146	65.6441
4.147	65.7605
4.148	65.877
4.149	65.9935
4.15	66.1102
4.151	66.2269
4.152	66.3437
4.153	66.4606
4.154	66.5775
4.155	66.6946
4.156	66.8117
4.157	66.929
4.158	67.0463
4.159	67.1637
4.16	67.2811
4.161	67.3987
4.162	67.5163
4.163	67.6341
4.164	67.7519
4.165	67.8698
4.166	67.9878
4.167	68.1058
4.168	68.224
4.169	68.3422
4.17	68.4605
4.171	68.5789
4.172	68.6974
4.173	68.816
4.174	68.9346
4.175	69.0534
4.176	69.1722
4.177	69.2911
4.178	69.4101
4.179	69.5292
4.18	69.6483
4.181	69.7676
4.182	69.8869
4.183	70.0063
4.184	70.1258
4.185	70.2453
4.186	70.365
4.187	70.4847
4.188	70.6046
4.189	70.7245
4.19	70.8444
4.191	70.9645
4.192	71.0847
4.193	71.2049
4.194	71.3252
4.195	71.4456
4.196	71.5661
4.197	71.6867
4.198	71.8073
4.199	71.9281
4.2	72.0489
4.201	72.1698
4.202	72.2908
4.203	72.4118
4.204	72.533
4.205	72.6542
4.206	72.7755
4.207	72.8969
4.208	73.0184
4.209	73.1399
4.21	73.2616
4.211	73.3833
4.212	73.5051
4.213	73.627
4.214	73.749
4.215	73.871
4.216	73.9931
4.217	74.1154
4.218	74.2377
4.219	74.36
4.22	74.4825
4.221	74.605
4.222	74.7277
4.223	74.8504
4.224	74.9732
4.225	75.096
4.226	75.219
4.227	75.342
4.228	75.4651
4.229	75.5883
4.23	75.7116
4.231	75.835
4.232	75.9584
4.233	76.0819
4.234	76.2055
4.235	76.3292
4.236	76.453
4.237	76.5768
4.238	76.7008
4.239	76.8248
4.24	76.9489
4.241	77.073
4.242	77.1973
4.243	77.3216
4.244	77.446
4.245	77.5705
4.246	77.6951
4.247	77.8198
4.248	77.9445
4.249	78.0693
4.25	78.1942
4.251	78.3192
4.252	78.4443
4.253	78.5694
4.254	78.6946
4.255	78.82
4.256	78.9453
4.257	79.0708
4.258	79.1963
4.259	79.322
4.26	79.4477
4.261	79.5735
4.262	79.6993
4.263	79.8253
4.264	79.9513
4.265	80.0774
4.266	80.2036
4.267	80.3299
4.268	80.4562
4.269	80.5826
4.27	80.7092
4.271	80.8357
4.272	80.9624
4.273	81.0892
4.274	81.216
4.275	81.3429
4.276	81.4699
4.277	81.5969
4.278	81.7241
4.279	81.8513
4.28	81.9786
4.281	82.106
4.282	82.2335
4.283	82.361
4.284	82.4886
4.285	82.6164
4.286	82.7441
4.287	82.872
4.288	82.9999
4.289	83.128
4.29	83.2561
4.291	83.3842
4.292	83.5125
4.293	83.6408
4.294	83.7693
4.295	83.8977
4.296	84.0263
4.297	84.155
4.298	84.2837
4.299	84.4125
4.3	84.5414
4.301	84.6704
4.302	84.7994
4.303	84.9286
4.304	85.0578
4.305	85.187
4.306	85.3164
4.307	85.4459
4.308	85.5754
4.309	85.705
4.31	85.8347
4.311	85.9644
4.312	86.0942
4.313	86.2242
4.314	86.3541
4.315	86.4842
4.316	86.6144
4.317	86.7446
4.318	86.8749
4.319	87.0053
4.32	87.1357
4.321	87.2663
4.322	87.3969
4.323	87.5276
4.324	87.6584
4.325	87.7892
4.326	87.9201
4.327	88.0512
4.328	88.1822
4.329	88.3134
4.33	88.4446
4.331	88.576
4.332	88.7074
4.333	88.8388
4.334	88.9704
4.335	89.102
4.336	89.2337
4.337	89.3655
4.338	89.4974
4.339	89.6293
4.34	89.7613
4.341	89.8934
4.342	90.0256
4.343	90.1578
4.344	90.2902
4.345	90.4226
4.346	90.555
4.347	90.6876
4.348	90.8202
4.349	90.9529
4.35	91.0857
4.351	91.2186
4.352	91.3515
4.353	91.4846
4.354	91.6177
4.355	91.7508
4.356	91.8841
4.357	92.0174
4.358	92.1508
4.359	92.2843
4.36	92.4179
4.361	92.5515
4.362	92.6852
4.363	92.819
4.364	92.9529
4.365	93.0868
4.366	93.2208
4.367	93.3549
4.368	93.4891
4.369	93.6233
4.37	93.7576
4.371	93.892
4.372	94.0265
4.373	94.1611
4.374	94.2957
4.375	94.4304
4.376	94.5652
4.377	94.7
4.378	94.835
4.379	94.97
4.38	95.1051
4.381	95.2402
4.382	95.3755
4.383	95.5108
4.384	95.6462
4.385	95.7816
4.386	95.9172
4.387	96.0528
4.388	96.1885
4.389	96.3243
4.39	96.4601
4.391	96.596
4.392	96.732
4.393	96.8681
4.394	97.0042
4.395	97.1405
4.396	97.2768
4.397	97.4131
4.398	97.5496
4.399	97.6861
4.4	97.8227
4.401	97.9594
4.402	98.0961
4.403	98.2329
4.404	98.3698
4.405	98.5068
4.406	98.6439
4.407	98.781
4.408	98.9182
4.409	99.0555
4.41	99.1928
4.411	99.3302
4.412	99.4677
4.413	99.6053
4.414	99.743
4.415	99.8807
4.416	100.018
4.417	100.156
4.418	100.294
4.419	100.432
4.42	100.57
4.421	100.709
4.422	100.847
4.423	100.985
4.424	101.124
4.425	101.262
4.426	101.401
4.427	101.539
4.428	101.678
4.429	101.817
4.43	101.956
4.431	102.094
4.432	102.233
4.433	102.372
4.434	102.512
4.435	102.651
4.436	102.79
4.437	102.93
4.438	103.069
4.439	103.208
4.44	103.348
4.441	103.488
4.442	103.627
4.443	103.767
4.444	103.907
4.445	104.047
4.446	104.187
4.447	104.327
4.448	104.467
4.449	104.608
4.45	104.748
4.451	104.888
4.452	105.029
4.453	105.169
4.454	105.31
4.455	105.451
4.456	105.591
4.457	105.732
4.458	105.873
4.459	106.014
4.46	106.155
4.461	106.296
4.462	106.438
4.463	106.579
4.464	106.72
4.465	106.862
4.466	107.003
4.467	107.145
4.468	107.286
4.469	107.428
4.47	107.57
4.471	107.712
4.472	107.854
4.473	107.996
4.474	108.138
4.475	108.28
4.476	108.422
4.477	108.564
4.478	108.707
4.479	108.849
4.48	108.992
4.481	109.134
4.482	109.277
4.483	109.42
4.484	109.563
4.485	109.705
4.486	109.848
4.487	109.991
4.488	110.134
4.489	110.278
4.49	110.421
4.491	110.564
4.492	110.708
4.493	110.851
4.494	110.995
4.495	111.138
4.496	111.282
4.497	111.426
4.498	111.569
4.499	111.713
4.5	111.857
4.501	112.001
4.502	112.145
4.503	112.29
4.504	112.434
4.505	112.578
4.506	112.723
4.507	112.867
4.508	113.012
4.509	113.156
4.51	113.301
4.511	113.446
4.512	113.59
4.513	113.735
4.514	113.88
4.515	114.025
4.516	114.17
4.517	114.316
4.518	114.461
4.519	114.606
4.52	114.752
4.521	114.897
4.522	115.043
4.523	115.188
4.524	115.334
4.525	115.48
4.526	115.626
4.527	115.771
4.528	115.917
4.529	116.063
4.53	116.21
4.531	116.356
4.532	116.502
4.533	116.648
4.534	116.795
4.535	116.941
4.536	117.088
4.537	117.234
4.538	117.381
4.539	117.528
4.54	117.675
4.541	117.821
4.542	117.968
4.543	118.115
4.544	118.263
4.545	118.41
4.546	118.557
4.547	118.704
4.548	118.852
4.549	118.999
4.55	119.147
4.551	119.294
4.552	119.442
4.553	119.59
4.554	119.737
4.555	119.885
4.556	120.033
4.557	120.181
4.558	120.329
4.559	120.478
4.56	120.626
4.561	120.774
4.562	120.922
4.563	121.071
4.564	121.219
4.565	121.368
4.566	121.517
4.567	121.665
4.568	121.814
4.569	121.963
4.57	122.112
4.571	122.261
4.572	122.41
4.573	122.559
4.574	122.708
4.575	122.858
4.576	123.007
4.577	123.156
4.578	123.306
4.579	123.455
4.58	123.605
4.581	123.755
4.582	123.904
4.583	124.054
4.584	124.204
4.585	124.354
4.586	124.504
4.587	124.654
4.588	124.804
4.589	124.955
4.59	125.105
4.591	125.255
4.592	125.406
4.593	125.556
4.594	125.707
4.595	125.858
4.596	126.008
4.597	126.159
4.598	126.31
4.599	126.461
4.6	126.612
4.601	126.763
4.602	126.914
4.603	127.065
4.604	127.217
4.605	127.368
4.606	127.52
4.607	127.671
4.608	127.823
4.609	127.974
4.61	128.126
4.611	128.278
4.612	128.429
4.613	128.581
4.614	128.733
4.615	128.885
4.616	129.038
4.617	129.19
4.618	129.342
4.619	129.494
4.62	129.647
4.621	129.799
4.622	129.952
4.623	130.104
4.624	130.257
4.625	130.41
4.626	130.562
4.627	130.715
4.628	130.868
4.629	131.021
4.63	131.174
4.631	131.327
4.632	131.481
4.633	131.634
4.634	131.787
4.635	131.941
4.636	132.094
4.637	132.248
4.638	132.401
4.639	132.555
4.64	132.709
4.641	132.862
4.642	133.016
4.643	133.17
4.644	133.324
4.645	133.478
4.646	133.632
4.647	133.787
4.648	133.941
4.649	134.095
4.65	134.25
4.651	134.404
4.652	134.559
4.653	134.713
4.654	134.868
4.655	135.023
4.656	135.178
4.657	135.333
4.658	135.487
4.659	135.643
4.66	135.798
4.661	135.953
4.662	136.108
4.663	136.263
4.664	136.419
4.665	136.574
4.666	136.73
4.667	136.885
4.668	137.041
4.669	137.196
4.67	137.352
4.671	137.508
4.672	137.664
4.673	137.82
4.674	137.976
4.675	138.132
4.676	138.288
4.677	138.444
4.678	138.601
4.679	138.757
4.68	138.913
4.681	139.07
4.682	139.227
4.683	139.383
4.684	139.54
4.685	139.697
4.686	139.853
4.687	140.01
4.688	140.167
4.689	140.324
4.69	140.481
4.691	140.639
4.692	140.796
4.693	140.953
4.694	141.11
4.695	141.268
4.696	141.425
4.697	141.583
4.698	141.741
4.699	141.898
4.7	142.056
4.701	142.214
4.702	142.372
4.703	142.53
4.704	142.688
4.705	142.846
4.706	143.004
4.707	143.162
4.708	143.32
4.709	143.479
4.71	143.637
4.711	143.796
4.712	143.954
4.713	144.113
4.714	144.271
4.715	144.43
4.716	144.589
4.717	144.748
4.718	144.907
4.719	145.066
4.72	145.225
4.721	145.384
4.722	145.543
4.723	145.702
4.724	145.862
4.725	146.021
4.726	146.181
4.727	146.34
4.728	146.5
4.729	146.659
4.73	146.819
4.731	146.979
4.732	147.139
4.733	147.299
4.734	147.459
4.735	147.619
4.736	147.779
4.737	147.939
4.738	148.099
4.739	148.26
4.74	148.42
4.741	148.58
4.742	148.741
4.743	148.901
4.744	149.062
4.745	149.223
4.746	149.384
4.747	149.544
4.748	149.705
4.749	149.866
4.75	150.027
4.751	150.188
4.752	150.349
4.753	150.511
4.754	150.672
4.755	150.833
4.756	150.995
4.757	151.156
4.758	151.318
4.759	151.479
4.76	151.641
4.761	151.803
4.762	151.965
4.763	152.126
4.764	152.288
4.765	152.45
4.766	152.612
4.767	152.774
4.768	152.937
4.769	153.099
4.77	153.261
4.771	153.424
4.772	153.586
4.773	153.749
4.774	153.911
4.775	154.074
4.776	154.236
4.777	154.399
4.778	154.562
4.779	154.725
4.78	154.888
4.781	155.051
4.782	155.214
4.783	155.377
4.784	155.54
4.785	155.703
4.786	155.867
4.787	156.03
4.788	156.194
4.789	156.357
4.79	156.521
4.791	156.684
4.792	156.848
4.793	157.012
4.794	157.176
4.795	157.34
4.796	157.504
4.797	157.668
4.798	157.832
4.799	157.996
4.8	158.16
4.801	158.324
4.802	158.489
4.803	158.653
4.804	158.818
4.805	158.982
4.806	159.147
4.807	159.311
4.808	159.476
4.809	159.641
4.81	159.806
4.811	159.971
4.812	160.136
4.813	160.301
4.814	160.466
4.815	160.631
4.816	160.796
4.817	160.961
4.818	161.127
4.819	161.292
4.82	161.458
4.821	161.623
4.822	161.789
4.823	161.955
4.824	162.12
4.825	162.286
4.826	162.452
4.827	162.618
4.828	162.784
4.829	162.95
4.83	163.116
4.831	163.282
4.832	163.448
4.833	163.615
4.834	163.781
4.835	163.947
4.836	164.114
4.837	164.28
4.838	164.447
4.839	164.614
4.84	164.78
4.841	164.947
4.842	165.114
4.843	165.281
4.844	165.448
4.845	165.615
4.846	165.782
4.847	165.949
4.848	166.117
4.849	166.284
4.85	166.451
4.851	166.619
4.852	166.786
4.853	166.954
4.854	167.121
4.855	167.289
4.856	167.457
4.857	167.624
4.858	167.792
4.859	167.96
4.86	168.128
4.861	168.296
4.862	168.464
4.863	168.632
4.864	168.801
4.865	168.969
4.866	169.137
4.867	169.306
4.868	169.474
4.869	169.643
4.87	169.811
4.871	169.98
4.872	170.149
4.873	170.317
4.874	170.486
4.875	170.655
4.876	170.824
4.877	170.993
4.878	171.162
4.879	171.331
4.88	171.5
4.881	171.67
4.882	171.839
4.883	172.008
4.884	172.178
4.885	172.347
4.886	172.517
4.887	172.686
4.888	172.856
4.889	173.026
4.89	173.196
4.891	173.366
4.892	173.536
4.893	173.706
4.894	173.876
4.895	174.046
4.896	174.216
4.897	174.386
4.898	174.556
4.899	174.727
4.9	174.897
4.901	175.068
4.902	175.238
4.903	175.409
4.904	175.579
4.905	175.75
4.906	175.921
4.907	176.092
4.908	176.263
4.909	176.434
4.91	176.605
4.911	176.776
4.912	176.947
4.913	177.118
4.914	177.289
4.915	177.461
4.916	177.632
4.917	177.804
4.918	177.975
4.919	178.147
4.92	178.318
4.921	178.49
4.922	178.662
4.923	178.834
4.924	179.005
4.925	179.177
4.926	179.349
4.927	179.521
4.928	179.693
4.929	179.866
4.93	180.038
4.931	180.21
4.932	180.383
4.933	180.555
4.934	180.727
4.935	180.9
4.936	181.073
4.937	181.245
4.938	181.418
4.939	181.591
4.94	181.763
4.941	181.936
4.942	182.109
4.943	182.282
4.944	182.455
4.945	182.628
4.946	182.802
4.947	182.975
4.948	183.148
4.949	183.322
4.95	183.495
4.951	183.669
4.952	183.842
4.953	184.016
4.954	184.189
4.955	184.363
4.956	184.537
4.957	184.711
4.958	184.885
4.959	185.059
4.96	185.233
4.961	185.407
4.962	185.581
4.963	185.755
4.964	185.929
4.965	186.104
4.966	186.278
4.967	186.452
4.968	186.627
4.969	186.801
4.97	186.976
4.971	187.151
4.972	187.325
4.973	187.5
4.974	187.675
4.975	187.85
4.976	188.025
4.977	188.2
4.978	188.375
4.979	188.55
4.98	188.725
4.981	188.901
4.982	189.076
4.983	189.251
4.984	189.427
4.985	189.602
4.986	189.778
4.987	189.953
4.988	190.129
4.989	190.305
4.99	190.481
4.991	190.656
4.992	190.832
4.993	191.008
4.994	191.184
4.995	191.36
4.996	191.537
4.997	191.713
4.998	191.889
4.999	192.065
5	192.242
5.001	192.418
5.002	192.595
5.003	192.771
5.004	192.948
5.005	193.124
5.006	193.301
5.007	193.478
5.008	193.655
5.009	193.832
5.01	194.009
5.011	194.186
5.012	194.363
5.013	194.54
5.014	194.717
5.015	194.894
5.016	195.071
5.017	195.249
5.018	195.426
5.019	195.604
5.02	195.781
5.021	195.959
5.022	196.137
5.023	196.314
5.024	196.492
5.025	196.67
5.026	196.848
5.027	197.026
5.028	197.204
5.029	197.382
5.03	197.56
5.031	197.738
5.032	197.916
5.033	198.094
5.034	198.273
5.035	198.451
5.036	198.63
5.037	198.808
5.038	198.987
5.039	199.165
5.04	199.344
5.041	199.523
5.042	199.702
5.043	199.88
5.044	200.059
5.045	200.238
5.046	200.417
5.047	200.596
5.048	200.776
5.049	200.955
5.05	201.134
5.051	201.313
5.052	201.493
5.053	201.672
5.054	201.852
5.055	202.031
5.056	202.211
5.057	202.39
5.058	202.57
5.059	202.75
5.06	202.93
5.061	203.11
5.062	203.29
5.063	203.47
5.064	203.65
5.065	203.83
5.066	204.01
5.067	204.19
5.068	204.37
5.069	204.551
5.07	204.731
5.071	204.912
5.072	205.092
5.073	205.273
5.074	205.453
5.075	205.634
5.076	205.815
5.077	205.996
5.078	206.176
5.079	206.357
5.08	206.538
5.081	206.719
5.082	206.9
5.083	207.082
5.084	207.263
5.085	207.444
5.086	207.625
5.087	207.807
5.088	207.988
5.089	208.17
5.09	208.351
5.091	208.533
5.092	208.714
5.093	208.896
5.094	209.078
5.095	209.26
5.096	209.441
5.097	209.623
5.098	209.805
5.099	209.987
5.1	210.169
5.101	210.352
5.102	210.534
5.103	210.716
5.104	210.898
5.105	211.081
5.106	211.263
5.107	211.446
5.108	211.628
5.109	211.811
5.11	211.993
5.111	212.176
5.112	212.359
5.113	212.542
5.114	212.725
5.115	212.907
5.116	213.09
5.117	213.273
5.118	213.457
5.119	213.64
5.12	213.823
5.121	214.006
5.122	214.19
5.123	214.373
5.124	214.556
5.125	214.74
5.126	214.923
5.127	215.107
5.128	215.291
5.129	215.474
5.13	215.658
5.131	215.842
5.132	216.026
5.133	216.21
5.134	216.394
5.135	216.578
5.136	216.762
5.137	216.946
5.138	217.13
5.139	217.314
5.14	217.499
5.141	217.683
5.142	217.868
5.143	218.052
5.144	218.237
5.145	218.421
5.146	218.606
5.147	218.79
5.148	218.975
5.149	219.16
5.15	219.345
5.151	219.53
5.152	219.715
5.153	219.9
5.154	220.085
5.155	220.27
5.156	220.455
5.157	220.641
5.158	220.826
5.159	221.011
5.16	221.197
5.161	221.382
5.162	221.568
5.163	221.753
5.164	221.939
5.165	222.124
5.166	222.31
5.167	222.496
5.168	222.682
5.169	222.868
5.17	223.054
5.171	223.24
5.172	223.426
5.173	223.612
5.174	223.798
5.175	223.984
5.176	224.171
5.177	224.357
5.178	224.543
5.179	224.73
5.18	224.916
5.181	225.103
5.182	225.29
5.183	225.476
5.184	225.663
5.185	225.85
5.186	226.037
5.187	226.223
5.188	226.41
5.189	226.597
5.19	226.784
5.191	226.971
5.192	227.159
5.193	227.346
5.194	227.533
5.195	227.72
5.196	227.908
5.197	228.095
5.198	228.283
5.199	228.47
5.2	228.658
5.201	228.845
5.202	229.033
5.203	229.221
5.204	229.409
5.205	229.597
5.206	229.785
5.207	229.972
5.208	230.16
5.209	230.349
5.21	230.537
5.211	230.725
5.212	230.913
5.213	231.101
5.214	231.29
5.215	231.478
5.216	231.667
5.217	231.855
5.218	232.044
5.219	232.232
5.22	232.421
5.221	232.61
5.222	232.798
5.223	232.987
5.224	233.176
5.225	233.365
5.226	233.554
5.227	233.743
5.228	233.932
5.229	234.121
5.23	234.31
5.231	234.5
5.232	234.689
5.233	234.878
5.234	235.068
5.235	235.257
5.236	235.447
5.237	235.636
5.238	235.826
5.239	236.016
5.24	236.205
5.241	236.395
5.242	236.585
5.243	236.775
5.244	236.965
5.245	237.155
5.246	237.345
5.247	237.535
5.248	237.725
5.249	237.915
5.25	238.106
5.251	238.296
5.252	238.486
5.253	238.677
5.254	238.867
5.255	239.058
5.256	239.248
5.257	239.439
5.258	239.63
5.259	239.82
5.26	240.011
5.261	240.202
5.262	240.393
5.263	240.584
5.264	240.775
5.265	240.966
5.266	241.157
5.267	241.348
5.268	241.539
5.269	241.731
5.27	241.922
5.271	242.113
5.272	242.305
5.273	242.496
5.274	242.688
5.275	242.879
5.276	243.071
5.277	243.263
5.278	243.454
5.279	243.646
5.28	243.838
5.281	244.03
5.282	244.222
5.283	244.414
5.284	244.606
5.285	244.798
5.286	244.99
5.287	245.182
5.288	245.374
5.289	245.567
5.29	245.759
5.291	245.952
5.292	246.144
5.293	246.337
5.294	246.529
5.295	246.722
5.296	246.914
5.297	247.107
5.298	247.3
5.299	247.493
5.3	247.686
5.301	247.879
5.302	248.071
5.303	248.265
5.304	248.458
5.305	248.651
5.306	248.844
5.307	249.037
5.308	249.23
5.309	249.424
5.31	249.617
5.311	249.811
5.312	250.004
5.313	250.198
5.314	250.391
5.315	250.585
5.316	250.779
5.317	250.972
5.318	251.166
5.319	251.36
5.32	251.554
5.321	251.748
5.322	251.942
5.323	252.136
5.324	252.33
5.325	252.524
5.326	252.719
5.327	252.913
5.328	253.107
5.329	253.302
5.33	253.496
5.331	253.69
5.332	253.885
5.333	254.08
5.334	254.274
5.335	254.469
5.336	254.664
5.337	254.858
5.338	255.053
5.339	255.248
5.34	255.443
5.341	255.638
5.342	255.833
5.343	256.028
5.344	256.223
5.345	256.419
5.346	256.614
5.347	256.809
5.348	257.004
5.349	257.2
5.35	257.395
5.351	257.591
5.352	257.786
5.353	257.982
5.354	258.178
5.355	258.373
5.356	258.569
5.357	258.765
5.358	258.961
5.359	259.157
5.36	259.353
5.361	259.549
5.362	259.745
5.363	259.941
5.364	260.137
5.365	260.333
5.366	260.529
5.367	260.726
5.368	260.922
5.369	261.119
5.37	261.315
5.371	261.512
5.372	261.708
5.373	261.905
5.374	262.101
5.375	262.298
5.376	262.495
5.377	262.692
5.378	262.889
5.379	263.085
5.38	263.282
5.381	263.479
5.382	263.677
5.383	263.874
5.384	264.071
5.385	264.268
5.386	264.465
5.387	264.663
5.388	264.86
5.389	265.057
5.39	265.255
5.391	265.452
5.392	265.65
5.393	265.848
5.394	266.045
5.395	266.243
5.396	266.441
5.397	266.639
5.398	266.837
5.399	267.034
5.4	267.232
5.401	267.43
5.402	267.629
5.403	267.827
5.404	268.025
5.405	268.223
5.406	268.421
5.407	268.62
5.408	268.818
5.409	269.016
5.41	269.215
5.411	269.413
5.412	269.612
5.413	269.811
5.414	270.009
5.415	270.208
5.416	270.407
5.417	270.606
5.418	270.805
5.419	271.003
5.42	271.202
5.421	271.401
5.422	271.601
5.423	271.8
5.424	271.999
5.425	272.198
5.426	272.397
5.427	272.597
5.428	272.796
5.429	272.995
5.43	273.195
5.431	273.394
5.432	273.594
5.433	273.794
5.434	273.993
5.435	274.193
5.436	274.393
5.437	274.593
5.438	274.792
5.439	274.992
5.44	275.192
5.441	275.392
5.442	275.592
5.443	275.792
5.444	275.993
5.445	276.193
5.446	276.393
5.447	276.593
5.448	276.794
5.449	276.994
5.45	277.195
5.451	277.395
5.452	277.596
5.453	277.796
5.454	277.997
5.455	278.198
5.456	278.398
5.457	278.599
5.458	278.8
5.459	279.001
5.46	279.202
5.461	279.403
5.462	279.604
5.463	279.805
5.464	280.006
5.465	280.207
5.466	280.408
5.467	280.61
5.468	280.811
5.469	281.012
5.47	281.214
5.471	281.415
5.472	281.617
5.473	281.818
5.474	282.02
5.475	282.222
5.476	282.424
5.477	282.625
5.478	282.827
5.479	283.029
5.48	283.231
5.481	283.433
5.482	283.635
5.483	283.837
5.484	284.039
5.485	284.241
5.486	284.443
5.487	284.646
5.488	284.848
5.489	285.05
5.49	285.253
5.491	285.455
5.492	285.658
5.493	285.86
5.494	286.063
5.495	286.265
5.496	286.468
5.497	286.671
5.498	286.874
5.499	287.077
5.5	287.279
5.501	287.482
5.502	287.685
5.503	287.888
5.504	288.091
5.505	288.295
5.506	288.498
5.507	288.701
5.508	288.904
5.509	289.108
5.51	289.311
5.511	289.514
5.512	289.718
5.513	289.921
5.514	290.125
5.515	290.328
5.516	290.532
5.517	290.736
5.518	290.94
5.519	291.143
5.52	291.347
5.521	291.551
5.522	291.755
5.523	291.959
5.524	292.163
5.525	292.367
5.526	292.571
5.527	292.775
5.528	292.98
5.529	293.184
5.53	293.388
5.531	293.593
5.532	293.797
5.533	294.002
5.534	294.206
5.535	294.411
5.536	294.615
5.537	294.82
5.538	295.025
5.539	295.229
5.54	295.434
5.541	295.639
5.542	295.844
5.543	296.049
5.544	296.254
5.545	296.459
5.546	296.664
5.547	296.869
5.548	297.074
5.549	297.279
5.55	297.485
5.551	297.69
5.552	297.895
5.553	298.101
5.554	298.306
5.555	298.512
5.556	298.717
5.557	298.923
5.558	299.129
5.559	299.334
5.56	299.54
5.561	299.746
5.562	299.952
5.563	300.158
5.564	300.364
5.565	300.57
5.566	300.776
5.567	300.982
5.568	301.188
5.569	301.394
5.57	301.6
5.571	301.806
5.572	302.013
5.573	302.219
5.574	302.425
5.575	302.632
5.576	302.838
5.577	303.045
5.578	303.252
5.579	303.458
5.58	303.665
5.581	303.872
5.582	304.078
5.583	304.285
5.584	304.492
5.585	304.699
5.586	304.906
5.587	305.113
5.588	305.32
5.589	305.527
5.59	305.734
5.591	305.942
5.592	306.149
5.593	306.356
5.594	306.563
5.595	306.771
5.596	306.978
5.597	307.186
5.598	307.393
5.599	307.601
5.6	307.808
5.601	308.016
5.602	308.224
5.603	308.432
5.604	308.639
5.605	308.847
5.606	309.055
5.607	309.263
5.608	309.471
5.609	309.679
5.61	309.887
5.611	310.095
5.612	310.303
5.613	310.512
5.614	310.72
5.615	310.928
5.616	311.137
5.617	311.345
5.618	311.554
5.619	311.762
5.62	311.971
5.621	312.179
5.622	312.388
5.623	312.596
5.624	312.805
5.625	313.014
5.626	313.223
5.627	313.432
5.628	313.641
5.629	313.85
5.63	314.059
5.631	314.268
5.632	314.477
5.633	314.686
5.634	314.895
5.635	315.104
5.636	315.314
5.637	315.523
5.638	315.732
5.639	315.942
5.64	316.151
5.641	316.361
5.642	316.57
5.643	316.78
5.644	316.989
5.645	317.199
5.646	317.409
5.647	317.619
5.648	317.829
5.649	318.038
5.65	318.248
5.651	318.458
5.652	318.668
5.653	318.878
5.654	319.088
5.655	319.299
5.656	319.509
5.657	319.719
5.658	319.929
5.659	320.14
5.66	320.35
5.661	320.561
5.662	320.771
5.663	320.981
5.664	321.192
5.665	321.403
5.666	321.613
5.667	321.824
5.668	322.035
5.669	322.246
5.67	322.456
5.671	322.667
5.672	322.878
5.673	323.089
5.674	323.3
5.675	323.511
5.676	323.722
5.677	323.933
5.678	324.145
5.679	324.356
5.68	324.567
5.681	324.779
5.682	324.99
5.683	325.201
5.684	325.413
5.685	325.624
5.686	325.836
5.687	326.047
5.688	326.259
5.689	326.471
5.69	326.683
5.691	326.894
5.692	327.106
5.693	327.318
5.694	327.53
5.695	327.742
5.696	327.954
5.697	328.166
5.698	328.378
5.699	328.59
5.7	328.802
5.701	329.015
5.702	329.227
5.703	329.439
5.704	329.652
5.705	329.864
5.706	330.077
5.707	330.289
5.708	330.502
5.709	330.714
5.71	330.927
5.711	331.139
5.712	331.352
5.713	331.565
5.714	331.778
5.715	331.991
5.716	332.204
5.717	332.416
5.718	332.629
5.719	332.843
5.72	333.056
5.721	333.269
5.722	333.482
5.723	333.695
5.724	333.908
5.725	334.122
5.726	334.335
5.727	334.548
5.728	334.762
5.729	334.975
5.73	335.189
5.731	335.402
5.732	335.616
5.733	335.83
5.734	336.043
5.735	336.257
5.736	336.471
5.737	336.685
5.738	336.899
5.739	337.113
5.74	337.327
5.741	337.541
5.742	337.755
5.743	337.969
5.744	338.183
5.745	338.397
5.746	338.611
5.747	338.826
5.748	339.04
5.749	339.254
5.75	339.469
5.751	339.683
5.752	339.898
5.753	340.112
5.754	340.327
5.755	340.541
5.756	340.756
5.757	340.971
5.758	341.186
5.759	341.4
5.76	341.615
5.761	341.83
5.762	342.045
5.763	342.26
5.764	342.475
5.765	342.69
5.766	342.905
5.767	343.12
5.768	343.336
5.769	343.551
5.77	343.766
5.771	343.982
5.772	344.197
5.773	344.412
5.774	344.628
5.775	344.843
5.776	345.059
5.777	345.274
5.778	345.49
5.779	345.706
5.78	345.922
5.781	346.137
5.782	346.353
5.783	346.569
5.784	346.785
5.785	347.001
5.786	347.217
5.787	347.433
5.788	347.649
5.789	347.865
5.79	348.081
5.791	348.297
5.792	348.514
5.793	348.73
5.794	348.946
5.795	349.163
5.796	349.379
5.797	349.596
5.798	349.812
5.799	350.029
5.8	350.245
5.801	350.462
5.802	350.679
5.803	350.895
5.804	351.112
5.805	351.329
5.806	351.546
5.807	351.763
5.808	351.98
5.809	352.197
5.81	352.414
5.811	352.631
5.812	352.848
5.813	353.065
5.814	353.282
5.815	353.499
5.816	353.717
5.817	353.934
5.818	354.151
5.819	354.369
5.82	354.586
5.821	354.804
5.822	355.021
5.823	355.239
5.824	355.457
5.825	355.674
5.826	355.892
5.827	356.11
5.828	356.328
5.829	356.545
5.83	356.763
5.831	356.981
5.832	357.199
5.833	357.417
5.834	357.635
5.835	357.853
5.836	358.072
5.837	358.29
5.838	358.508
5.839	358.726
5.84	358.945
5.841	359.163
5.842	359.381
5.843	359.6
5.844	359.818
5.845	360.037
5.846	360.255
5.847	360.474
5.848	360.693
5.849	360.911
5.85	361.13
5.851	361.349
5.852	361.568
5.853	361.787
5.854	362.006
5.855	362.225
5.856	362.444
5.857	362.663
5.858	362.882
5.859	363.101
5.86	363.32
5.861	363.539
5.862	363.758
5.863	363.978
5.864	364.197
5.865	364.416
5.866	364.636
5.867	364.855
5.868	365.075
5.869	365.294
5.87	365.514
5.871	365.734
5.872	365.953
5.873	366.173
5.874	366.393
5.875	366.613
5.876	366.833
5.877	367.052
5.878	367.272
5.879	367.492
5.88	367.712
5.881	367.932
5.882	368.153
5.883	368.373
5.884	368.593
5.885	368.813
5.886	369.033
5.887	369.254
5.888	369.474
5.889	369.694
5.89	369.915
5.891	370.135
5.892	370.356
5.893	370.576
5.894	370.797
5.895	371.018
5.896	371.238
5.897	371.459
5.898	371.68
5.899	371.901
5.9	372.122
5.901	372.342
5.902	372.563
5.903	372.784
5.904	373.005
5.905	373.227
5.906	373.448
5.907	373.669
5.908	373.89
5.909	374.111
5.91	374.332
5.911	374.554
5.912	374.775
5.913	374.997
5.914	375.218
5.915	375.44
5.916	375.661
5.917	375.883
5.918	376.104
5.919	376.326
5.92	376.548
5.921	376.769
5.922	376.991
5.923	377.213
5.924	377.435
5.925	377.657
5.926	377.879
5.927	378.101
5.928	378.323
5.929	378.545
5.93	378.767
5.931	378.989
5.932	379.211
5.933	379.433
5.934	379.656
5.935	379.878
5.936	380.1
5.937	380.323
5.938	380.545
5.939	380.768
5.94	380.99
5.941	381.213
5.942	381.435
5.943	381.658
5.944	381.881
5.945	382.103
5.946	382.326
5.947	382.549
5.948	382.772
5.949	382.995
5.95	383.218
5.951	383.441
5.952	383.664
5.953	383.887
5.954	384.11
5.955	384.333
5.956	384.556
5.957	384.779
5.958	385.003
5.959	385.226
5.96	385.449
5.961	385.673
5.962	385.896
5.963	386.12
5.964	386.343
5.965	386.567
5.966	386.79
5.967	387.014
5.968	387.238
5.969	387.461
5.97	387.685
5.971	387.909
5.972	388.133
5.973	388.357
5.974	388.581
5.975	388.805
5.976	389.029
5.977	389.253
5.978	389.477
5.979	389.701
5.98	389.925
5.981	390.149
5.982	390.373
5.983	390.598
5.984	390.822
5.985	391.046
5.986	391.271
5.987	391.495
5.988	391.72
5.989	391.944
5.99	392.169
5.991	392.393
5.992	392.618
5.993	392.843
5.994	393.068
5.995	393.292
5.996	393.517
5.997	393.742
5.998	393.967
5.999	394.192
